[
    [
    [0,0,0,0,0,0,0,0,0,0,0,0,0,0,0,0,0,0,0,0,0,0,0,0,0,0,0,0,0,0,0,0,0,0,0,0,0,0,0,0,0,0,0,0,0,0,0,0,0,0,0],
    [0,0.49,0.48,0.47,0.46,0.45,0.44,0.43,0.42,0.41,0.4,0.39,0.38,0.37,0.36,0.35,0.34,0.33,0.32,0.31,0.3,0.29,0.28,0.27,0.26,0.25,0.24,0.23,0.22,0.21,0.2,0.19,0.18,0.17,0.16,0.15,0.14,0.13,0.12,0.11,0.09999999999999998,0.09000000000000002,0.08000000000000002,0.07000000000000001,0.06,0.04999999999999999,0.03999999999999998,0.03000000000000003,0.02000000000000002,0.01000000000000001,0],
    [0,0.48,0.96,0.9399999999999999,0.92,0.9,0.88,0.86,0.84,0.8200000000000001,0.8,0.78,0.76,0.74,0.72,0.7,0.6799999999999999,0.6599999999999999,0.64,0.62,0.6,0.5800000000000001,0.5600000000000001,0.54,0.52,0.5,0.48,0.46,0.4399999999999999,0.42,0.4,0.38,0.36,0.34,0.32,0.3,0.28,0.26,0.24,0.22,0.2,0.18,0.16,0.14,0.12,0.09999999999999998,0.07999999999999996,0.06000000000000005,0.04000000000000004,0.02000000000000002,0],
    [0,0.47,0.9399999999999999,1.41,1.38,1.35,1.32,1.29,1.26,1.23,1.2,1.17,1.14,1.11,1.08,1.05,1.02,0.9899999999999999,0.96,0.9299999999999999,0.8999999999999999,0.8700000000000001,0.8400000000000001,0.8100000000000001,0.78,0.75,0.72,0.6899999999999999,0.6599999999999999,0.6300000000000001,0.6000000000000001,0.5700000000000001,0.54,0.51,0.4799999999999999,0.4500000000000001,0.42,0.39,0.36,0.33,0.2999999999999999,0.2700000000000001,0.24,0.21,0.18,0.15,0.1199999999999999,0.09000000000000008,0.06000000000000005,0.03000000000000003,0],
    [0,0.46,0.92,1.38,1.84,1.8,1.76,1.72,1.68,1.64,1.6,1.56,1.52,1.48,1.44,1.4,1.36,1.32,1.28,1.24,1.2,1.16,1.12,1.08,1.04,1,0.96,0.9199999999999999,0.8799999999999999,0.8400000000000001,0.8,0.76,0.72,0.6799999999999999,0.6399999999999999,0.6000000000000001,0.5600000000000001,0.52,0.48,0.4399999999999999,0.3999999999999999,0.3600000000000001,0.3200000000000001,0.28,0.24,0.2,0.1599999999999999,0.1200000000000001,0.08000000000000007,0.04000000000000004,0],
    [0,0.45,0.9,1.35,1.8,2.25,2.2,2.15,2.1,2.05,2,1.95,1.9,1.85,1.8,1.75,1.7,1.65,1.6,1.55,1.5,1.45,1.4,1.35,1.3,1.25,1.2,1.15,1.1,1.05,1,0.95,0.8999999999999999,0.8499999999999999,0.7999999999999998,0.7500000000000001,0.7000000000000001,0.65,0.6,0.5499999999999999,0.4999999999999999,0.4500000000000001,0.4000000000000001,0.35,0.3,0.2499999999999999,0.1999999999999999,0.1500000000000001,0.1000000000000001,0.05000000000000004,0],
    [0,0.44,0.88,1.32,1.76,2.2,2.64,2.58,2.52,2.46,2.4,2.34,2.28,2.22,2.16,2.1,2.04,1.98,1.92,1.86,1.8,1.74,1.68,1.62,1.56,1.5,1.44,1.38,1.32,1.26,1.2,1.14,1.08,1.02,0.9599999999999999,0.9000000000000001,0.8400000000000001,0.78,0.72,0.6599999999999999,0.5999999999999999,0.5400000000000001,0.4800000000000001,0.42,0.36,0.2999999999999999,0.2399999999999999,0.1800000000000002,0.1200000000000001,0.06000000000000005,0],
    [0,0.43,0.86,1.29,1.72,2.15,2.58,3.01,2.94,2.87,2.8,2.73,2.66,2.59,2.52,2.45,2.38,2.31,2.24,2.17,2.1,2.03,1.96,1.89,1.82,1.75,1.68,1.61,1.54,1.47,1.4,1.33,1.26,1.19,1.12,1.05,0.9800000000000001,0.91,0.84,0.7699999999999999,0.6999999999999998,0.6300000000000001,0.5600000000000001,0.49,0.42,0.3499999999999999,0.2799999999999999,0.2100000000000002,0.1400000000000001,0.07000000000000006,0],
    [0,0.42,0.84,1.26,1.68,2.1,2.52,2.94,3.36,3.28,3.2,3.12,3.04,2.96,2.88,2.8,2.72,2.64,2.56,2.48,2.4,2.32,2.24,2.16,2.08,2,1.92,1.84,1.76,1.68,1.6,1.52,1.44,1.36,1.28,1.2,1.12,1.04,0.96,0.8799999999999999,0.7999999999999998,0.7200000000000002,0.6400000000000001,0.5600000000000001,0.48,0.3999999999999999,0.3199999999999998,0.2400000000000002,0.1600000000000001,0.08000000000000007,0],
    [0,0.41,0.8200000000000001,1.23,1.64,2.05,2.46,2.87,3.28,3.69,3.6,3.51,3.42,3.33,3.24,3.15,3.06,2.97,2.88,2.79,2.7,2.61,2.52,2.43,2.34,2.25,2.16,2.07,1.98,1.89,1.8,1.71,1.62,1.53,1.44,1.35,1.26,1.17,1.08,0.9899999999999999,0.8999999999999998,0.8100000000000003,0.7200000000000002,0.6300000000000001,0.54,0.4499999999999999,0.3599999999999998,0.2700000000000002,0.1800000000000002,0.09000000000000008,0],
    [0,0.4,0.8,1.2,1.6,2,2.4,2.8,3.2,3.6,4,3.9,3.8,3.7,3.6,3.5,3.399999999999999,3.3,3.2,3.1,3,2.9,2.8,2.7,2.6,2.5,2.4,2.3,2.2,2.1,2,1.9,1.8,1.7,1.6,1.5,1.4,1.3,1.2,1.1,0.9999999999999998,0.9000000000000002,0.8000000000000002,0.7000000000000001,0.6,0.4999999999999999,0.3999999999999998,0.3000000000000003,0.2000000000000002,0.1000000000000001,0],
    [0,0.39,0.78,1.17,1.56,1.95,2.34,2.73,3.12,3.51,3.9,4.29,4.18,4.07,3.96,3.85,3.74,3.629999999999999,3.52,3.41,3.3,3.19,3.08,2.97,2.86,2.75,2.64,2.53,2.42,2.31,2.2,2.09,1.98,1.87,1.76,1.65,1.54,1.43,1.32,1.21,1.1,0.9900000000000002,0.8800000000000001,0.77,0.6599999999999999,0.5499999999999998,0.4399999999999998,0.3300000000000003,0.2200000000000002,0.1100000000000001,0],
    [0,0.38,0.76,1.14,1.52,1.9,2.28,2.66,3.04,3.42,3.8,4.18,4.56,4.44,4.32,4.199999999999999,4.08,3.96,3.84,3.72,3.6,3.48,3.36,3.24,3.12,3,2.88,2.76,2.64,2.52,2.4,2.28,2.16,2.04,1.92,1.8,1.68,1.56,1.44,1.32,1.2,1.08,0.9600000000000002,0.8400000000000001,0.72,0.5999999999999999,0.4799999999999998,0.3600000000000003,0.2400000000000002,0.1200000000000001,0],
    [0,0.37,0.74,1.11,1.48,1.85,2.22,2.59,2.96,3.33,3.7,4.07,4.44,4.81,4.68,4.55,4.42,4.289999999999999,4.16,4.03,3.9,3.77,3.640000000000001,3.51,3.38,3.25,3.12,2.99,2.859999999999999,2.73,2.6,2.47,2.34,2.21,2.08,1.95,1.82,1.69,1.56,1.43,1.3,1.17,1.04,0.9100000000000001,0.78,0.6499999999999999,0.5199999999999998,0.3900000000000003,0.2600000000000002,0.1300000000000001,0],
    [0,0.36,0.72,1.08,1.44,1.8,2.16,2.52,2.88,3.24,3.6,3.96,4.32,4.68,5.04,4.899999999999999,4.76,4.619999999999999,4.48,4.34,4.2,4.06,3.92,3.78,3.64,3.5,3.36,3.22,3.08,2.94,2.8,2.66,2.52,2.38,2.24,2.100000000000001,1.96,1.82,1.68,1.54,1.4,1.26,1.12,0.9800000000000001,0.84,0.6999999999999998,0.5599999999999997,0.4200000000000004,0.2800000000000002,0.1400000000000001,0],
    [0,0.35,0.7,1.05,1.4,1.75,2.1,2.45,2.8,3.15,3.5,3.85,4.199999999999999,4.55,4.899999999999999,5.25,5.1,4.949999999999999,4.8,4.65,4.5,4.350000000000001,4.2,4.050000000000001,3.9,3.75,3.6,3.45,3.3,3.15,3,2.85,2.7,2.55,2.399999999999999,2.25,2.1,1.95,1.8,1.65,1.5,1.35,1.2,1.05,0.8999999999999999,0.7499999999999998,0.5999999999999996,0.4500000000000004,0.3000000000000003,0.1500000000000001,0],
    [0,0.34,0.6799999999999999,1.02,1.36,1.7,2.04,2.38,2.72,3.06,3.399999999999999,3.74,4.08,4.42,4.76,5.1,5.44,5.279999999999999,5.12,4.96,4.8,4.640000000000001,4.48,4.32,4.16,4,3.84,3.68,3.52,3.36,3.2,3.04,2.88,2.72,2.56,2.4,2.24,2.08,1.92,1.76,1.6,1.44,1.28,1.12,0.96,0.7999999999999998,0.6399999999999997,0.4800000000000004,0.3200000000000003,0.1600000000000001,0],
    [0,0.33,0.6599999999999999,0.9899999999999999,1.32,1.65,1.98,2.31,2.64,2.97,3.3,3.629999999999999,3.96,4.289999999999999,4.619999999999999,4.949999999999999,5.279999999999999,5.609999999999999,5.44,5.27,5.1,4.930000000000001,4.760000000000001,4.59,4.42,4.25,4.08,3.91,3.739999999999999,3.57,3.4,3.23,3.06,2.89,2.72,2.55,2.38,2.21,2.04,1.87,1.7,1.53,1.36,1.19,1.02,0.8499999999999999,0.6799999999999997,0.5100000000000005,0.3400000000000003,0.1700000000000002,0],
    [0,0.32,0.64,0.96,1.28,1.6,1.92,2.24,2.56,2.88,3.2,3.52,3.84,4.16,4.48,4.8,5.12,5.44,5.76,5.58,5.399999999999999,5.220000000000001,5.040000000000001,4.86,4.68,4.5,4.32,4.14,3.96,3.78,3.6,3.42,3.24,3.06,2.879999999999999,2.7,2.52,2.34,2.16,1.98,1.8,1.620000000000001,1.44,1.26,1.08,0.8999999999999998,0.7199999999999996,0.5400000000000005,0.3600000000000003,0.1800000000000002,0],
    [0,0.31,0.62,0.9299999999999999,1.24,1.55,1.86,2.17,2.48,2.79,3.1,3.41,3.72,4.03,4.34,4.65,4.96,5.27,5.58,5.89,5.7,5.510000000000001,5.32,5.130000000000001,4.94,4.75,4.56,4.369999999999999,4.18,3.99,3.8,3.61,3.42,3.23,3.04,2.850000000000001,2.66,2.47,2.28,2.09,1.899999999999999,1.71,1.52,1.33,1.14,0.9499999999999997,0.7599999999999996,0.5700000000000005,0.3800000000000003,0.1900000000000002,0],
    [0,0.3,0.6,0.8999999999999999,1.2,1.5,1.8,2.1,2.4,2.7,3,3.3,3.6,3.9,4.2,4.5,4.8,5.1,5.399999999999999,5.7,6,5.800000000000001,5.600000000000001,5.4,5.2,5,4.8,4.6,4.399999999999999,4.2,4,3.8,3.6,3.399999999999999,3.199999999999999,3,2.8,2.6,2.4,2.2,2,1.8,1.6,1.4,1.2,0.9999999999999998,0.7999999999999996,0.6000000000000005,0.4000000000000004,0.2000000000000002,0],
    [0,0.29,0.5800000000000001,0.8700000000000001,1.16,1.45,1.74,2.03,2.32,2.61,2.9,3.19,3.48,3.77,4.06,4.350000000000001,4.640000000000001,4.930000000000001,5.220000000000001,5.510000000000001,5.800000000000001,6.090000000000001,5.880000000000001,5.67,5.46,5.25,5.04,4.83,4.619999999999999,4.41,4.2,3.99,3.78,3.57,3.359999999999999,3.15,2.94,2.73,2.52,2.31,2.1,1.890000000000001,1.68,1.47,1.26,1.05,0.8399999999999996,0.6300000000000006,0.4200000000000004,0.2100000000000002,0],
    [0,0.28,0.5600000000000001,0.8400000000000001,1.12,1.4,1.68,1.96,2.24,2.52,2.8,3.08,3.36,3.640000000000001,3.92,4.2,4.48,4.760000000000001,5.040000000000001,5.32,5.600000000000001,5.880000000000001,6.16,5.94,5.720000000000001,5.5,5.279999999999999,5.06,4.84,4.62,4.4,4.18,3.96,3.74,3.52,3.300000000000001,3.08,2.86,2.64,2.42,2.199999999999999,1.98,1.76,1.54,1.32,1.1,0.8799999999999996,0.6600000000000006,0.4400000000000004,0.2200000000000002,0],
    [0,0.27,0.54,0.8100000000000001,1.08,1.35,1.62,1.89,2.16,2.43,2.7,2.97,3.24,3.51,3.78,4.050000000000001,4.32,4.59,4.86,5.130000000000001,5.4,5.67,5.94,6.210000000000001,5.98,5.75,5.52,5.289999999999999,5.06,4.83,4.600000000000001,4.37,4.14,3.91,3.679999999999999,3.450000000000001,3.22,2.99,2.76,2.53,2.299999999999999,2.070000000000001,1.84,1.61,1.38,1.15,0.9199999999999995,0.6900000000000006,0.4600000000000004,0.2300000000000002,0],
    [0,0.26,0.52,0.78,1.04,1.3,1.56,1.82,2.08,2.34,2.6,2.86,3.12,3.38,3.64,3.9,4.16,4.42,4.68,4.94,5.2,5.46,5.720000000000001,5.98,6.24,6,5.76,5.52,5.279999999999999,5.040000000000001,4.800000000000001,4.56,4.32,4.08,3.839999999999999,3.600000000000001,3.36,3.12,2.88,2.64,2.399999999999999,2.160000000000001,1.92,1.68,1.44,1.2,0.9599999999999995,0.7200000000000006,0.4800000000000004,0.2400000000000002,0],
    [0,0.25,0.5,0.75,1,1.25,1.5,1.75,2,2.25,2.5,2.75,3,3.25,3.5,3.75,4,4.25,4.5,4.75,5,5.25,5.5,5.75,6,6.25,6,5.75,5.499999999999999,5.250000000000001,5,4.75,4.5,4.25,4,3.75,3.5,3.25,3,2.75,2.5,2.25,2,1.75,1.5,1.25,0.9999999999999996,0.7500000000000007,0.5000000000000004,0.2500000000000002,0],
    [0,0.24,0.48,0.72,0.96,1.2,1.44,1.68,1.92,2.16,2.4,2.64,2.88,3.12,3.36,3.6,3.84,4.08,4.32,4.56,4.8,5.04,5.279999999999999,5.52,5.76,6,6.24,5.98,5.719999999999999,5.460000000000001,5.2,4.94,4.68,4.42,4.159999999999999,3.9,3.640000000000001,3.38,3.12,2.859999999999999,2.6,2.340000000000001,2.080000000000001,1.82,1.56,1.3,1.04,0.7800000000000007,0.5200000000000005,0.2600000000000002,0],
    [0,0.23,0.46,0.6899999999999999,0.9199999999999999,1.15,1.38,1.61,1.84,2.07,2.3,2.53,2.76,2.99,3.22,3.45,3.68,3.91,4.14,4.369999999999999,4.6,4.83,5.06,5.289999999999999,5.52,5.75,5.98,6.209999999999999,5.94,5.670000000000001,5.4,5.13,4.859999999999999,4.59,4.319999999999999,4.050000000000001,3.78,3.51,3.24,2.97,2.699999999999999,2.430000000000001,2.160000000000001,1.89,1.62,1.35,1.079999999999999,0.8100000000000007,0.5400000000000005,0.2700000000000002,0],
    [0,0.22,0.4399999999999999,0.6599999999999999,0.8799999999999999,1.1,1.32,1.54,1.76,1.98,2.2,2.42,2.64,2.859999999999999,3.08,3.3,3.52,3.739999999999999,3.96,4.18,4.399999999999999,4.619999999999999,4.84,5.06,5.279999999999999,5.499999999999999,5.719999999999999,5.94,6.159999999999999,5.880000000000001,5.600000000000001,5.32,5.04,4.76,4.48,4.200000000000001,3.92,3.64,3.36,3.08,2.799999999999999,2.52,2.24,1.96,1.68,1.4,1.119999999999999,0.8400000000000007,0.5600000000000005,0.2800000000000002,0],
    [0,0.21,0.42,0.6300000000000001,0.8400000000000001,1.05,1.26,1.47,1.68,1.89,2.1,2.31,2.52,2.73,2.94,3.15,3.36,3.57,3.78,3.99,4.2,4.41,4.62,4.83,5.040000000000001,5.250000000000001,5.460000000000001,5.670000000000001,5.880000000000001,6.090000000000001,5.800000000000001,5.51,5.22,4.93,4.64,4.350000000000001,4.06,3.77,3.48,3.19,2.899999999999999,2.610000000000001,2.32,2.03,1.74,1.45,1.159999999999999,0.8700000000000008,0.5800000000000005,0.2900000000000003,0],
    [0,0.2,0.4,0.6000000000000001,0.8,1,1.2,1.4,1.6,1.8,2,2.2,2.4,2.6,2.8,3,3.2,3.4,3.6,3.8,4,4.2,4.4,4.600000000000001,4.800000000000001,5,5.2,5.4,5.600000000000001,5.800000000000001,6,5.7,5.399999999999999,5.1,4.799999999999999,4.500000000000001,4.2,3.9,3.6,3.3,2.999999999999999,2.700000000000001,2.4,2.1,1.8,1.5,1.199999999999999,0.9000000000000008,0.6000000000000005,0.3000000000000003,0],
    [0,0.19,0.38,0.5700000000000001,0.76,0.95,1.14,1.33,1.52,1.71,1.9,2.09,2.28,2.47,2.66,2.85,3.04,3.23,3.42,3.61,3.8,3.99,4.18,4.37,4.56,4.75,4.94,5.13,5.32,5.51,5.7,5.89,5.58,5.27,4.959999999999999,4.65,4.340000000000001,4.03,3.72,3.41,3.099999999999999,2.790000000000001,2.48,2.17,1.86,1.55,1.239999999999999,0.9300000000000008,0.6200000000000006,0.3100000000000003,0],
    [0,0.18,0.36,0.54,0.72,0.8999999999999999,1.08,1.26,1.44,1.62,1.8,1.98,2.16,2.34,2.52,2.7,2.88,3.06,3.24,3.42,3.6,3.78,3.96,4.14,4.32,4.5,4.68,4.859999999999999,5.04,5.22,5.399999999999999,5.58,5.76,5.44,5.119999999999999,4.800000000000001,4.48,4.16,3.84,3.52,3.199999999999999,2.880000000000001,2.56,2.24,1.92,1.6,1.279999999999999,0.9600000000000009,0.6400000000000006,0.3200000000000003,0],
    [0,0.17,0.34,0.51,0.6799999999999999,0.8499999999999999,1.02,1.19,1.36,1.53,1.7,1.87,2.04,2.21,2.38,2.55,2.72,2.89,3.06,3.23,3.399999999999999,3.57,3.74,3.91,4.08,4.25,4.42,4.59,4.76,4.93,5.1,5.27,5.44,5.609999999999999,5.279999999999999,4.950000000000001,4.62,4.29,3.96,3.629999999999999,3.299999999999999,2.970000000000001,2.640000000000001,2.31,1.98,1.65,1.319999999999999,0.9900000000000009,0.6600000000000006,0.3300000000000003,0],
    [0,0.16,0.32,0.4799999999999999,0.6399999999999999,0.7999999999999998,0.9599999999999999,1.12,1.28,1.44,1.6,1.76,1.92,2.08,2.24,2.399999999999999,2.56,2.72,2.879999999999999,3.04,3.199999999999999,3.359999999999999,3.52,3.679999999999999,3.839999999999999,4,4.159999999999999,4.319999999999999,4.48,4.64,4.799999999999999,4.959999999999999,5.119999999999999,5.279999999999999,5.44,5.100000000000001,4.760000000000001,4.42,4.08,3.739999999999999,3.399999999999999,3.060000000000001,2.720000000000001,2.38,2.04,1.7,1.359999999999999,1.020000000000001,0.6800000000000006,0.3400000000000003,0],
    [0,0.15,0.3,0.4500000000000001,0.6000000000000001,0.7500000000000001,0.9000000000000001,1.05,1.2,1.35,1.5,1.65,1.8,1.95,2.100000000000001,2.25,2.4,2.55,2.7,2.850000000000001,3,3.15,3.300000000000001,3.450000000000001,3.600000000000001,3.75,3.9,4.050000000000001,4.200000000000001,4.350000000000001,4.500000000000001,4.65,4.800000000000001,4.950000000000001,5.100000000000001,5.250000000000001,4.9,4.55,4.2,3.85,3.499999999999999,3.150000000000001,2.800000000000001,2.45,2.1,1.75,1.399999999999999,1.050000000000001,0.7000000000000006,0.3500000000000003,0],
    [0,0.14,0.28,0.42,0.5600000000000001,0.7000000000000001,0.8400000000000001,0.9800000000000001,1.12,1.26,1.4,1.54,1.68,1.82,1.96,2.1,2.24,2.38,2.52,2.66,2.8,2.94,3.08,3.22,3.36,3.5,3.640000000000001,3.78,3.92,4.06,4.2,4.340000000000001,4.48,4.62,4.760000000000001,4.9,5.040000000000001,4.68,4.32,3.96,3.599999999999999,3.240000000000001,2.880000000000001,2.52,2.16,1.8,1.439999999999999,1.080000000000001,0.7200000000000006,0.3600000000000003,0],
    [0,0.13,0.26,0.39,0.52,0.65,0.78,0.91,1.04,1.17,1.3,1.43,1.56,1.69,1.82,1.95,2.08,2.21,2.34,2.47,2.6,2.73,2.86,2.99,3.12,3.25,3.38,3.51,3.64,3.77,3.9,4.03,4.16,4.29,4.42,4.55,4.68,4.81,4.44,4.069999999999999,3.699999999999999,3.330000000000001,2.96,2.59,2.22,1.85,1.479999999999999,1.110000000000001,0.7400000000000007,0.3700000000000003,0],
    [0,0.12,0.24,0.36,0.48,0.6,0.72,0.84,0.96,1.08,1.2,1.32,1.44,1.56,1.68,1.8,1.92,2.04,2.16,2.28,2.4,2.52,2.64,2.76,2.88,3,3.12,3.24,3.36,3.48,3.6,3.72,3.84,3.96,4.08,4.2,4.32,4.44,4.56,4.18,3.799999999999999,3.420000000000001,3.04,2.66,2.28,1.899999999999999,1.519999999999999,1.140000000000001,0.7600000000000007,0.3800000000000003,0],
    [0,0.11,0.22,0.33,0.4399999999999999,0.5499999999999999,0.6599999999999999,0.7699999999999999,0.8799999999999999,0.9899999999999999,1.1,1.21,1.32,1.43,1.54,1.65,1.76,1.87,1.98,2.09,2.2,2.31,2.42,2.53,2.64,2.75,2.859999999999999,2.97,3.08,3.19,3.3,3.41,3.52,3.629999999999999,3.739999999999999,3.85,3.96,4.069999999999999,4.18,4.289999999999999,3.899999999999999,3.510000000000001,3.120000000000001,2.73,2.34,1.95,1.559999999999999,1.170000000000001,0.7800000000000007,0.3900000000000003,0],
    [0,0.09999999999999998,0.2,0.2999999999999999,0.3999999999999999,0.4999999999999999,0.5999999999999999,0.6999999999999998,0.7999999999999998,0.8999999999999998,0.9999999999999998,1.1,1.2,1.3,1.4,1.5,1.6,1.7,1.8,1.899999999999999,2,2.1,2.199999999999999,2.299999999999999,2.399999999999999,2.5,2.6,2.699999999999999,2.799999999999999,2.899999999999999,2.999999999999999,3.099999999999999,3.199999999999999,3.299999999999999,3.399999999999999,3.499999999999999,3.599999999999999,3.699999999999999,3.799999999999999,3.899999999999999,3.999999999999999,3.600000000000001,3.200000000000001,2.8,2.4,2,1.599999999999999,1.200000000000001,0.8000000000000007,0.4000000000000004,0],
    [0,0.09000000000000002,0.18,0.2700000000000001,0.3600000000000001,0.4500000000000001,0.5400000000000001,0.6300000000000001,0.7200000000000002,0.8100000000000003,0.9000000000000002,0.9900000000000002,1.08,1.17,1.26,1.35,1.44,1.53,1.620000000000001,1.71,1.8,1.890000000000001,1.98,2.070000000000001,2.160000000000001,2.25,2.340000000000001,2.430000000000001,2.52,2.610000000000001,2.700000000000001,2.790000000000001,2.880000000000001,2.970000000000001,3.060000000000001,3.150000000000001,3.240000000000001,3.330000000000001,3.420000000000001,3.510000000000001,3.600000000000001,3.690000000000001,3.280000000000001,2.87,2.46,2.049999999999999,1.639999999999999,1.230000000000001,0.8200000000000007,0.4100000000000004,0],
    [0,0.08000000000000002,0.16,0.24,0.3200000000000001,0.4000000000000001,0.4800000000000001,0.5600000000000001,0.6400000000000001,0.7200000000000002,0.8000000000000002,0.8800000000000001,0.9600000000000002,1.04,1.12,1.2,1.28,1.36,1.44,1.52,1.6,1.68,1.76,1.84,1.92,2,2.080000000000001,2.160000000000001,2.24,2.32,2.4,2.48,2.56,2.640000000000001,2.720000000000001,2.800000000000001,2.880000000000001,2.96,3.04,3.120000000000001,3.200000000000001,3.280000000000001,3.360000000000001,2.94,2.52,2.1,1.679999999999999,1.260000000000001,0.8400000000000007,0.4200000000000004,0],
    [0,0.07000000000000001,0.14,0.21,0.28,0.35,0.42,0.49,0.5600000000000001,0.6300000000000001,0.7000000000000001,0.77,0.8400000000000001,0.9100000000000001,0.9800000000000001,1.05,1.12,1.19,1.26,1.33,1.4,1.47,1.54,1.61,1.68,1.75,1.82,1.89,1.96,2.03,2.1,2.17,2.24,2.31,2.38,2.45,2.52,2.59,2.66,2.73,2.8,2.87,2.94,3.01,2.58,2.149999999999999,1.719999999999999,1.290000000000001,0.8600000000000008,0.4300000000000004,0],
    [0,0.06,0.12,0.18,0.24,0.3,0.36,0.42,0.48,0.54,0.6,0.6599999999999999,0.72,0.78,0.84,0.8999999999999999,0.96,1.02,1.08,1.14,1.2,1.26,1.32,1.38,1.44,1.5,1.56,1.62,1.68,1.74,1.8,1.86,1.92,1.98,2.04,2.1,2.16,2.22,2.28,2.34,2.4,2.46,2.52,2.58,2.64,2.199999999999999,1.759999999999999,1.320000000000001,0.8800000000000008,0.4400000000000004,0],
    [0,0.04999999999999999,0.09999999999999998,0.15,0.2,0.2499999999999999,0.2999999999999999,0.3499999999999999,0.3999999999999999,0.4499999999999999,0.4999999999999999,0.5499999999999998,0.5999999999999999,0.6499999999999999,0.6999999999999998,0.7499999999999998,0.7999999999999998,0.8499999999999999,0.8999999999999998,0.9499999999999997,0.9999999999999998,1.05,1.1,1.15,1.2,1.25,1.3,1.35,1.4,1.45,1.5,1.55,1.6,1.65,1.7,1.75,1.8,1.85,1.899999999999999,1.95,2,2.049999999999999,2.1,2.149999999999999,2.199999999999999,2.25,1.799999999999999,1.350000000000001,0.9000000000000008,0.4500000000000004,0],
    [0,0.03999999999999998,0.07999999999999996,0.1199999999999999,0.1599999999999999,0.1999999999999999,0.2399999999999999,0.2799999999999999,0.3199999999999998,0.3599999999999998,0.3999999999999998,0.4399999999999998,0.4799999999999998,0.5199999999999998,0.5599999999999997,0.5999999999999996,0.6399999999999997,0.6799999999999997,0.7199999999999996,0.7599999999999996,0.7999999999999996,0.8399999999999996,0.8799999999999996,0.9199999999999995,0.9599999999999995,0.9999999999999996,1.04,1.079999999999999,1.119999999999999,1.159999999999999,1.199999999999999,1.239999999999999,1.279999999999999,1.319999999999999,1.359999999999999,1.399999999999999,1.439999999999999,1.479999999999999,1.519999999999999,1.559999999999999,1.599999999999999,1.639999999999999,1.679999999999999,1.719999999999999,1.759999999999999,1.799999999999999,1.839999999999999,1.380000000000001,0.9200000000000008,0.4600000000000004,0],
    [0,0.03000000000000003,0.06000000000000005,0.09000000000000008,0.1200000000000001,0.1500000000000001,0.1800000000000002,0.2100000000000002,0.2400000000000002,0.2700000000000002,0.3000000000000003,0.3300000000000003,0.3600000000000003,0.3900000000000003,0.4200000000000004,0.4500000000000004,0.4800000000000004,0.5100000000000005,0.5400000000000005,0.5700000000000005,0.6000000000000005,0.6300000000000006,0.6600000000000006,0.6900000000000006,0.7200000000000006,0.7500000000000007,0.7800000000000007,0.8100000000000007,0.8400000000000007,0.8700000000000008,0.9000000000000008,0.9300000000000008,0.9600000000000009,0.9900000000000009,1.020000000000001,1.050000000000001,1.080000000000001,1.110000000000001,1.140000000000001,1.170000000000001,1.200000000000001,1.230000000000001,1.260000000000001,1.290000000000001,1.320000000000001,1.350000000000001,1.380000000000001,1.410000000000001,0.9400000000000008,0.4700000000000004,0],
    [0,0.02000000000000002,0.04000000000000004,0.06000000000000005,0.08000000000000007,0.1000000000000001,0.1200000000000001,0.1400000000000001,0.1600000000000001,0.1800000000000002,0.2000000000000002,0.2200000000000002,0.2400000000000002,0.2600000000000002,0.2800000000000002,0.3000000000000003,0.3200000000000003,0.3400000000000003,0.3600000000000003,0.3800000000000003,0.4000000000000004,0.4200000000000004,0.4400000000000004,0.4600000000000004,0.4800000000000004,0.5000000000000004,0.5200000000000005,0.5400000000000005,0.5600000000000005,0.5800000000000005,0.6000000000000005,0.6200000000000006,0.6400000000000006,0.6600000000000006,0.6800000000000006,0.7000000000000006,0.7200000000000006,0.7400000000000007,0.7600000000000007,0.7800000000000007,0.8000000000000007,0.8200000000000007,0.8400000000000007,0.8600000000000008,0.8800000000000008,0.9000000000000008,0.9200000000000008,0.9400000000000008,0.9600000000000009,0.4800000000000004,0],
    [0,0.01000000000000001,0.02000000000000002,0.03000000000000003,0.04000000000000004,0.05000000000000004,0.06000000000000005,0.07000000000000006,0.08000000000000007,0.09000000000000008,0.1000000000000001,0.1100000000000001,0.1200000000000001,0.1300000000000001,0.1400000000000001,0.1500000000000001,0.1600000000000001,0.1700000000000002,0.1800000000000002,0.1900000000000002,0.2000000000000002,0.2100000000000002,0.2200000000000002,0.2300000000000002,0.2400000000000002,0.2500000000000002,0.2600000000000002,0.2700000000000002,0.2800000000000002,0.2900000000000003,0.3000000000000003,0.3100000000000003,0.3200000000000003,0.3300000000000003,0.3400000000000003,0.3500000000000003,0.3600000000000003,0.3700000000000003,0.3800000000000003,0.3900000000000003,0.4000000000000004,0.4100000000000004,0.4200000000000004,0.4300000000000004,0.4400000000000004,0.4500000000000004,0.4600000000000004,0.4700000000000004,0.4800000000000004,0.4900000000000004,0],
    [0,0,0,0,0,0,0,0,0,0,0,0,0,0,0,0,0,0,0,0,0,0,0,0,0,0,0,0,0,0,0,0,0,0,0,0,0,0,0,0,0,0,0,0,0,0,0,0,0,0,0]
],
    [
    [0,0,0,0,0,0,0,0,0,0,0,0,0,0,0,0,0,0,0,0,0,0,0,0,0,0,0,0,0,0,0,0,0,0,0,0,0,0,0,0,0,0,0,0,0,0,0,0,0,0,0],
    [0,0.49,0.48,0.47,0.46,0.45,0.44,0.43,0.42,0.41,0.4,0.39,0.38,0.37,0.36,0.35,0.34,0.33,0.32,0.31,0.3,0.29,0.28,0.27,0.26,0.25,0.24,0.23,0.22,0.21,0.2,0.19,0.18,0.17,0.16,0.15,0.14,0.13,0.12,0.11,0.09999999999999998,0.09000000000000002,0.08000000000000002,0.07000000000000001,0.06,0.04999999999999999,0.03999999999999998,0.03000000000000003,0.02000000000000002,0.01000000000000001,0],
    [0,0.48,0.96,0.9399999999999999,0.92,0.9,0.88,0.86,0.84,0.8200000000000001,0.8,0.78,0.76,0.74,0.72,0.7,0.6799999999999999,0.6599999999999999,0.64,0.62,0.6,0.5800000000000001,0.5600000000000001,0.54,0.52,0.5,0.48,0.46,0.4399999999999999,0.42,0.4,0.38,0.36,0.34,0.32,0.3,0.28,0.26,0.24,0.22,0.2,0.18,0.16,0.14,0.12,0.09999999999999998,0.07999999999999996,0.06000000000000005,0.04000000000000004,0.02000000000000002,0],
    [0,0.47,0.9399999999999999,1.41,1.38,1.35,1.32,1.29,1.26,1.23,1.2,1.17,1.14,1.11,1.08,1.05,1.02,0.9899999999999999,0.96,0.9299999999999999,0.8999999999999999,0.8700000000000001,0.8400000000000001,0.8100000000000001,0.78,0.75,0.72,0.6899999999999999,0.6599999999999999,0.6300000000000001,0.6000000000000001,0.5700000000000001,0.54,0.51,0.4799999999999999,0.4500000000000001,0.42,0.39,0.36,0.33,0.2999999999999999,0.2700000000000001,0.24,0.21,0.18,0.15,0.1199999999999999,0.09000000000000008,0.06000000000000005,0.03000000000000003,0],
    [0,0.46,0.92,1.38,1.84,1.8,1.76,1.72,1.68,1.64,1.6,1.56,1.52,1.48,1.44,1.4,1.36,1.32,1.28,1.24,1.2,1.16,1.12,1.08,1.04,1,0.96,0.9199999999999999,0.8799999999999999,0.8400000000000001,0.8,0.76,0.72,0.6799999999999999,0.6399999999999999,0.6000000000000001,0.5600000000000001,0.52,0.48,0.4399999999999999,0.3999999999999999,0.3600000000000001,0.3200000000000001,0.28,0.24,0.2,0.1599999999999999,0.1200000000000001,0.08000000000000007,0.04000000000000004,0],
    [0,0.45,0.9,1.35,1.8,2.25,2.2,2.15,2.1,2.05,2,1.95,1.9,1.85,1.8,1.75,1.7,1.65,1.6,1.55,1.5,1.45,1.4,1.35,1.3,1.25,1.2,1.15,1.1,1.05,1,0.95,0.8999999999999999,0.8499999999999999,0.7999999999999998,0.7500000000000001,0.7000000000000001,0.65,0.6,0.5499999999999999,0.4999999999999999,0.4500000000000001,0.4000000000000001,0.35,0.3,0.2499999999999999,0.1999999999999999,0.1500000000000001,0.1000000000000001,0.05000000000000004,0],
    [0,0.44,0.88,1.32,1.76,2.2,2.64,2.58,2.52,2.46,2.4,2.34,2.28,2.22,2.16,2.1,2.04,1.98,1.92,1.86,1.8,1.74,1.68,1.62,1.56,1.5,1.44,1.38,1.32,1.26,1.2,1.14,1.08,1.02,0.9599999999999999,0.9000000000000001,0.8400000000000001,0.78,0.72,0.6599999999999999,0.5999999999999999,0.5400000000000001,0.4800000000000001,0.42,0.36,0.2999999999999999,0.2399999999999999,0.1800000000000002,0.1200000000000001,0.06000000000000005,0],
    [0,0.43,0.86,1.29,1.72,2.15,2.58,3.01,2.94,2.87,2.8,2.73,2.66,2.59,2.52,2.45,2.38,2.31,2.24,2.17,2.1,2.03,1.96,1.89,1.82,1.75,1.68,1.61,1.54,1.47,1.4,1.33,1.26,1.19,1.12,1.05,0.9800000000000001,0.91,0.84,0.7699999999999999,0.6999999999999998,0.6300000000000001,0.5600000000000001,0.49,0.42,0.3499999999999999,0.2799999999999999,0.2100000000000002,0.1400000000000001,0.07000000000000006,0],
    [0,0.42,0.84,1.26,1.68,2.1,2.52,2.94,3.36,3.28,3.2,3.12,3.04,2.96,2.88,2.8,2.72,2.64,2.56,2.48,2.4,2.32,2.24,2.16,2.08,2,1.92,1.84,1.76,1.68,1.6,1.52,1.44,1.36,1.28,1.2,1.12,1.04,0.96,0.8799999999999999,0.7999999999999998,0.7200000000000002,0.6400000000000001,0.5600000000000001,0.48,0.3999999999999999,0.3199999999999998,0.2400000000000002,0.1600000000000001,0.08000000000000007,0],
    [0,0.41,0.8200000000000001,1.23,1.64,2.05,2.46,2.87,3.28,3.69,3.6,3.51,3.42,3.33,3.24,3.15,3.06,2.97,2.88,2.79,2.7,2.61,2.52,2.43,2.34,2.25,2.16,2.07,1.98,1.89,1.8,1.71,1.62,1.53,1.44,1.35,1.26,1.17,1.08,0.9899999999999999,0.8999999999999998,0.8100000000000003,0.7200000000000002,0.6300000000000001,0.54,0.4499999999999999,0.3599999999999998,0.2700000000000002,0.1800000000000002,0.09000000000000008,0],
    [0,0.4,0.8,1.2,1.6,2,2.4,2.8,3.2,3.6,4,3.9,3.8,3.7,3.6,3.5,3.399999999999999,3.3,3.2,3.1,3,2.9,2.8,2.7,2.6,2.5,2.4,2.3,2.2,2.1,2,1.9,1.8,1.7,1.6,1.5,1.4,1.3,1.2,1.1,0.9999999999999998,0.9000000000000002,0.8000000000000002,0.7000000000000001,0.6,0.4999999999999999,0.3999999999999998,0.3000000000000003,0.2000000000000002,0.1000000000000001,0],
    [0,0.39,0.78,1.17,1.56,1.95,2.34,2.73,3.12,3.51,3.9,4.29,4.18,4.07,3.96,3.85,3.74,3.629999999999999,3.52,3.41,3.3,3.19,3.08,2.97,2.86,2.75,2.64,2.53,2.42,2.31,2.2,2.09,1.98,1.87,1.76,1.65,1.54,1.43,1.32,1.21,1.1,0.9900000000000002,0.8800000000000001,0.77,0.6599999999999999,0.5499999999999998,0.4399999999999998,0.3300000000000003,0.2200000000000002,0.1100000000000001,0],
    [0,0.38,0.76,1.14,1.52,1.9,2.28,2.66,3.04,3.42,3.8,4.18,4.56,4.44,4.32,4.199999999999999,4.08,3.96,3.84,3.72,3.6,3.48,3.36,3.24,3.12,3,2.88,2.76,2.64,2.52,2.4,2.28,2.16,2.04,1.92,1.8,1.68,1.56,1.44,1.32,1.2,1.08,0.9600000000000002,0.8400000000000001,0.72,0.5999999999999999,0.4799999999999998,0.3600000000000003,0.2400000000000002,0.1200000000000001,0],
    [0,0.37,0.74,1.11,1.48,1.85,2.22,2.59,2.96,3.33,3.7,4.07,4.44,4.81,4.68,4.55,4.42,4.289999999999999,4.16,4.03,3.9,3.77,3.640000000000001,3.51,3.38,3.25,3.12,2.99,2.859999999999999,2.73,2.6,2.47,2.34,2.21,2.08,1.95,1.82,1.69,1.56,1.43,1.3,1.17,1.04,0.9100000000000001,0.78,0.6499999999999999,0.5199999999999998,0.3900000000000003,0.2600000000000002,0.1300000000000001,0],
    [0,0.36,0.72,1.08,1.44,1.8,2.16,2.52,2.88,3.24,3.6,3.96,4.32,4.68,5.04,4.899999999999999,4.76,4.619999999999999,4.48,4.34,4.2,4.06,3.92,3.78,3.64,3.5,3.36,3.22,3.08,2.94,2.8,2.66,2.52,2.38,2.24,2.100000000000001,1.96,1.82,1.68,1.54,1.4,1.26,1.12,0.9800000000000001,0.84,0.6999999999999998,0.5599999999999997,0.4200000000000004,0.2800000000000002,0.1400000000000001,0],
    [0,0.35,0.7,1.05,1.4,1.75,2.1,2.45,2.8,3.15,3.5,3.85,4.199999999999999,4.55,4.899999999999999,5.25,5.1,4.949999999999999,4.8,4.65,4.5,4.350000000000001,4.2,4.050000000000001,3.9,3.75,3.6,3.45,3.3,3.15,3,2.85,2.7,2.55,2.399999999999999,2.25,2.1,1.95,1.8,1.65,1.5,1.35,1.2,1.05,0.8999999999999999,0.7499999999999998,0.5999999999999996,0.4500000000000004,0.3000000000000003,0.1500000000000001,0],
    [0,0.34,0.6799999999999999,1.02,1.36,1.7,2.04,2.38,2.72,3.06,3.399999999999999,3.74,4.08,4.42,4.76,5.1,5.44,5.279999999999999,5.12,4.96,4.8,4.640000000000001,4.48,4.32,4.16,4,3.84,3.68,3.52,3.36,3.2,3.04,2.88,2.72,2.56,2.4,2.24,2.08,1.92,1.76,1.6,1.44,1.28,1.12,0.96,0.7999999999999998,0.6399999999999997,0.4800000000000004,0.3200000000000003,0.1600000000000001,0],
    [0,0.33,0.6599999999999999,0.9899999999999999,1.32,1.65,1.98,2.31,2.64,2.97,3.3,3.629999999999999,3.96,4.289999999999999,4.619999999999999,4.949999999999999,5.279999999999999,5.609999999999999,5.44,5.27,5.1,4.930000000000001,4.760000000000001,4.59,4.42,4.25,4.08,3.91,3.739999999999999,3.57,3.4,3.23,3.06,2.89,2.72,2.55,2.38,2.21,2.04,1.87,1.7,1.53,1.36,1.19,1.02,0.8499999999999999,0.6799999999999997,0.5100000000000005,0.3400000000000003,0.1700000000000002,0],
    [0,0.32,0.64,0.96,1.28,1.6,1.92,2.24,2.56,2.88,3.2,3.52,3.84,4.16,4.48,4.8,5.12,5.44,5.76,5.58,5.399999999999999,5.220000000000001,5.040000000000001,4.86,4.68,4.5,4.32,4.14,3.96,3.78,3.6,3.42,3.24,3.06,2.879999999999999,2.7,2.52,2.34,2.16,1.98,1.8,1.620000000000001,1.44,1.26,1.08,0.8999999999999998,0.7199999999999996,0.5400000000000005,0.3600000000000003,0.1800000000000002,0],
    [0,0.31,0.62,0.9299999999999999,1.24,1.55,1.86,2.17,2.48,2.79,3.1,3.41,3.72,4.03,4.34,4.65,4.96,5.27,5.58,5.89,5.7,5.510000000000001,5.32,5.130000000000001,4.94,4.75,4.56,4.369999999999999,4.18,3.99,3.8,3.61,3.42,3.23,3.04,2.850000000000001,2.66,2.47,2.28,2.09,1.899999999999999,1.71,1.52,1.33,1.14,0.9499999999999997,0.7599999999999996,0.5700000000000005,0.3800000000000003,0.1900000000000002,0],
    [0,0.3,0.6,0.8999999999999999,1.2,1.5,1.8,2.1,2.4,2.7,3,3.3,3.6,3.9,4.2,4.5,4.8,5.1,5.399999999999999,5.7,6,5.800000000000001,5.600000000000001,5.4,5.2,5,4.8,4.6,4.399999999999999,4.2,4,3.8,3.6,3.399999999999999,3.199999999999999,3,2.8,2.6,2.4,2.2,2,1.8,1.6,1.4,1.2,0.9999999999999998,0.7999999999999996,0.6000000000000005,0.4000000000000004,0.2000000000000002,0],
    [0,0.29,0.5800000000000001,0.8700000000000001,1.16,1.45,1.74,2.03,2.32,2.61,2.9,3.19,3.48,3.77,4.06,4.350000000000001,4.640000000000001,4.930000000000001,5.220000000000001,5.510000000000001,5.800000000000001,6.090000000000001,5.880000000000001,5.67,5.46,5.25,5.04,4.83,4.619999999999999,4.41,4.2,3.99,3.78,3.57,3.359999999999999,3.15,2.94,2.73,2.52,2.31,2.1,1.890000000000001,1.68,1.47,1.26,1.05,0.8399999999999996,0.6300000000000006,0.4200000000000004,0.2100000000000002,0],
    [0,0.28,0.5600000000000001,0.8400000000000001,1.12,1.4,1.68,1.96,2.24,2.52,2.8,3.08,3.36,3.640000000000001,3.92,4.2,4.48,4.760000000000001,5.040000000000001,5.32,5.600000000000001,5.880000000000001,6.16,5.94,5.720000000000001,5.5,5.279999999999999,5.06,4.84,4.62,4.4,4.18,3.96,3.74,3.52,3.300000000000001,3.08,2.86,2.64,2.42,2.199999999999999,1.98,1.76,1.54,1.32,1.1,0.8799999999999996,0.6600000000000006,0.4400000000000004,0.2200000000000002,0],
    [0,0.27,0.54,0.8100000000000001,1.08,1.35,1.62,1.89,2.16,2.43,2.7,2.97,3.24,3.51,3.78,4.050000000000001,4.32,4.59,4.86,5.130000000000001,5.4,5.67,5.94,6.210000000000001,5.98,5.75,5.52,5.289999999999999,5.06,4.83,4.600000000000001,4.37,4.14,3.91,3.679999999999999,3.450000000000001,3.22,2.99,2.76,2.53,2.299999999999999,2.070000000000001,1.84,1.61,1.38,1.15,0.9199999999999995,0.6900000000000006,0.4600000000000004,0.2300000000000002,0],
    [0,0.26,0.52,0.78,1.04,1.3,1.56,1.82,2.08,2.34,2.6,2.86,3.12,3.38,3.64,3.9,4.16,4.42,4.68,4.94,5.2,5.46,5.720000000000001,5.98,6.24,6,5.76,5.52,5.279999999999999,5.040000000000001,4.800000000000001,4.56,4.32,4.08,3.839999999999999,3.600000000000001,3.36,3.12,2.88,2.64,2.399999999999999,2.160000000000001,1.92,1.68,1.44,1.2,0.9599999999999995,0.7200000000000006,0.4800000000000004,0.2400000000000002,0],
    [0,0.25,0.5,0.75,1,1.25,1.5,1.75,2,2.25,2.5,2.75,3,3.25,3.5,3.75,4,4.25,4.5,4.75,5,5.25,5.5,5.75,6,6.25,6,5.75,5.499999999999999,5.250000000000001,5,4.75,4.5,4.25,4,3.75,3.5,3.25,3,2.75,2.5,2.25,2,1.75,1.5,1.25,0.9999999999999996,0.7500000000000007,0.5000000000000004,0.2500000000000002,0],
    [0,0.24,0.48,0.72,0.96,1.2,1.44,1.68,1.92,2.16,2.4,2.64,2.88,3.12,3.36,3.6,3.84,4.08,4.32,4.56,4.8,5.04,5.279999999999999,5.52,5.76,6,6.24,5.98,5.719999999999999,5.460000000000001,5.2,4.94,4.68,4.42,4.159999999999999,3.9,3.640000000000001,3.38,3.12,2.859999999999999,2.6,2.340000000000001,2.080000000000001,1.82,1.56,1.3,1.04,0.7800000000000007,0.5200000000000005,0.2600000000000002,0],
    [0,0.23,0.46,0.6899999999999999,0.9199999999999999,1.15,1.38,1.61,1.84,2.07,2.3,2.53,2.76,2.99,3.22,3.45,3.68,3.91,4.14,4.369999999999999,4.6,4.83,5.06,5.289999999999999,5.52,5.75,5.98,6.209999999999999,5.94,5.670000000000001,5.4,5.13,4.859999999999999,4.59,4.319999999999999,4.050000000000001,3.78,3.51,3.24,2.97,2.699999999999999,2.430000000000001,2.160000000000001,1.89,1.62,1.35,1.079999999999999,0.8100000000000007,0.5400000000000005,0.2700000000000002,0],
    [0,0.22,0.4399999999999999,0.6599999999999999,0.8799999999999999,1.1,1.32,1.54,1.76,1.98,2.2,2.42,2.64,2.859999999999999,3.08,3.3,3.52,3.739999999999999,3.96,4.18,4.399999999999999,4.619999999999999,4.84,5.06,5.279999999999999,5.499999999999999,5.719999999999999,5.94,6.159999999999999,5.880000000000001,5.600000000000001,5.32,5.04,4.76,4.48,4.200000000000001,3.92,3.64,3.36,3.08,2.799999999999999,2.52,2.24,1.96,1.68,1.4,1.119999999999999,0.8400000000000007,0.5600000000000005,0.2800000000000002,0],
    [0,0.21,0.42,0.6300000000000001,0.8400000000000001,1.05,1.26,1.47,1.68,1.89,2.1,2.31,2.52,2.73,2.94,3.15,3.36,3.57,3.78,3.99,4.2,4.41,4.62,4.83,5.040000000000001,5.250000000000001,5.460000000000001,5.670000000000001,5.880000000000001,6.090000000000001,5.800000000000001,5.51,5.22,4.93,4.64,4.350000000000001,4.06,3.77,3.48,3.19,2.899999999999999,2.610000000000001,2.32,2.03,1.74,1.45,1.159999999999999,0.8700000000000008,0.5800000000000005,0.2900000000000003,0],
    [0,0.2,0.4,0.6000000000000001,0.8,1,1.2,1.4,1.6,1.8,2,2.2,2.4,2.6,2.8,3,3.2,3.4,3.6,3.8,4,4.2,4.4,4.600000000000001,4.800000000000001,5,5.2,5.4,5.600000000000001,5.800000000000001,6,5.7,5.399999999999999,5.1,4.799999999999999,4.500000000000001,4.2,3.9,3.6,3.3,2.999999999999999,2.700000000000001,2.4,2.1,1.8,1.5,1.199999999999999,0.9000000000000008,0.6000000000000005,0.3000000000000003,0],
    [0,0.19,0.38,0.5700000000000001,0.76,0.95,1.14,1.33,1.52,1.71,1.9,2.09,2.28,2.47,2.66,2.85,3.04,3.23,3.42,3.61,3.8,3.99,4.18,4.37,4.56,4.75,4.94,5.13,5.32,5.51,5.7,5.89,5.58,5.27,4.959999999999999,4.65,4.340000000000001,4.03,3.72,3.41,3.099999999999999,2.790000000000001,2.48,2.17,1.86,1.55,1.239999999999999,0.9300000000000008,0.6200000000000006,0.3100000000000003,0],
    [0,0.18,0.36,0.54,0.72,0.8999999999999999,1.08,1.26,1.44,1.62,1.8,1.98,2.16,2.34,2.52,2.7,2.88,3.06,3.24,3.42,3.6,3.78,3.96,4.14,4.32,4.5,4.68,4.859999999999999,5.04,5.22,5.399999999999999,5.58,5.76,5.44,5.119999999999999,4.800000000000001,4.48,4.16,3.84,3.52,3.199999999999999,2.880000000000001,2.56,2.24,1.92,1.6,1.279999999999999,0.9600000000000009,0.6400000000000006,0.3200000000000003,0],
    [0,0.17,0.34,0.51,0.6799999999999999,0.8499999999999999,1.02,1.19,1.36,1.53,1.7,1.87,2.04,2.21,2.38,2.55,2.72,2.89,3.06,3.23,3.399999999999999,3.57,3.74,3.91,4.08,4.25,4.42,4.59,4.76,4.93,5.1,5.27,5.44,5.609999999999999,5.279999999999999,4.950000000000001,4.62,4.29,3.96,3.629999999999999,3.299999999999999,2.970000000000001,2.640000000000001,2.31,1.98,1.65,1.319999999999999,0.9900000000000009,0.6600000000000006,0.3300000000000003,0],
    [0,0.16,0.32,0.4799999999999999,0.6399999999999999,0.7999999999999998,0.9599999999999999,1.12,1.28,1.44,1.6,1.76,1.92,2.08,2.24,2.399999999999999,2.56,2.72,2.879999999999999,3.04,3.199999999999999,3.359999999999999,3.52,3.679999999999999,3.839999999999999,4,4.159999999999999,4.319999999999999,4.48,4.64,4.799999999999999,4.959999999999999,5.119999999999999,5.279999999999999,5.44,5.100000000000001,4.760000000000001,4.42,4.08,3.739999999999999,3.399999999999999,3.060000000000001,2.720000000000001,2.38,2.04,1.7,1.359999999999999,1.020000000000001,0.6800000000000006,0.3400000000000003,0],
    [0,0.15,0.3,0.4500000000000001,0.6000000000000001,0.7500000000000001,0.9000000000000001,1.05,1.2,1.35,1.5,1.65,1.8,1.95,2.100000000000001,2.25,2.4,2.55,2.7,2.850000000000001,3,3.15,3.300000000000001,3.450000000000001,3.600000000000001,3.75,3.9,4.050000000000001,4.200000000000001,4.350000000000001,4.500000000000001,4.65,4.800000000000001,4.950000000000001,5.100000000000001,5.250000000000001,4.9,4.55,4.2,3.85,3.499999999999999,3.150000000000001,2.800000000000001,2.45,2.1,1.75,1.399999999999999,1.050000000000001,0.7000000000000006,0.3500000000000003,0],
    [0,0.14,0.28,0.42,0.5600000000000001,0.7000000000000001,0.8400000000000001,0.9800000000000001,1.12,1.26,1.4,1.54,1.68,1.82,1.96,2.1,2.24,2.38,2.52,2.66,2.8,2.94,3.08,3.22,3.36,3.5,3.640000000000001,3.78,3.92,4.06,4.2,4.340000000000001,4.48,4.62,4.760000000000001,4.9,5.040000000000001,4.68,4.32,3.96,3.599999999999999,3.240000000000001,2.880000000000001,2.52,2.16,1.8,1.439999999999999,1.080000000000001,0.7200000000000006,0.3600000000000003,0],
    [0,0.13,0.26,0.39,0.52,0.65,0.78,0.91,1.04,1.17,1.3,1.43,1.56,1.69,1.82,1.95,2.08,2.21,2.34,2.47,2.6,2.73,2.86,2.99,3.12,3.25,3.38,3.51,3.64,3.77,3.9,4.03,4.16,4.29,4.42,4.55,4.68,4.81,4.44,4.069999999999999,3.699999999999999,3.330000000000001,2.96,2.59,2.22,1.85,1.479999999999999,1.110000000000001,0.7400000000000007,0.3700000000000003,0],
    [0,0.12,0.24,0.36,0.48,0.6,0.72,0.84,0.96,1.08,1.2,1.32,1.44,1.56,1.68,1.8,1.92,2.04,2.16,2.28,2.4,2.52,2.64,2.76,2.88,3,3.12,3.24,3.36,3.48,3.6,3.72,3.84,3.96,4.08,4.2,4.32,4.44,4.56,4.18,3.799999999999999,3.420000000000001,3.04,2.66,2.28,1.899999999999999,1.519999999999999,1.140000000000001,0.7600000000000007,0.3800000000000003,0],
