[
    [
    [-0,-0,-0,-0,-0,-0,-0,-0,-0,-0,-0,-0,-0,-0,-0,-0,-0,-0,-0,-0,-0,-0,-0,-0,-0,-0,-0,-0,-0,-0,-0,-0,-0,-0,-0,-0,-0,-0,-0,-0,-0,-0,-0,-0,-0,-0,-0,-0,-0,-0,-0],
    [-0,-6.948498458712491e-05,-0.0001354392869086816,-0.000197226226556125,-0.0002549326235851659,-0.0003086452980515149,-0.0003584510700108826,-0.0004044367595189799,-0.0004466891866315173,-0.0004852951714042056,-0.0005203415338927554,-0.0005519150941528776,-0.0005801026722402827,-0.0006049910882106815,-0.0006266671621197845,-0.0006452177140233027,-0.0006607295639769466,-0.0006732895320364269,-0.0006829844382574543,-0.0006899011026957395,-0.0006941263454069934,-0.0006957469864469262,-0.0006948498458712491,-0.0006915217437356725,-0.0006858495000959073,-0.0006779199350076639,-0.0006678198685266533,-0.0006556361207085859,-0.0006414555116091728,-0.0006253648612841241,-0.0006074509897891511,-0.0005878007171799642,-0.0005665008635122741,-0.0005436382488417915,-0.0005192996932242271,-0.0004935720167152917,-0.0004665420393706959,-0.0004382965812461502,-0.0004089224623973657,-0.0003785065028800528,-0.0003471355227499222,-0.0003148963420626848,-0.0002818757808740511,-0.0002481606592397318,-0.0002138377972154377,-0.0001789940148568795,-0.0001437161322197677,-0.0001080909693598132,-7.220534633272663e-05,-3.614608319421866e-05,-0],
    [-0,-0.0001354392869086816,-0.00026671121114325,-0.0003903719104938475,-0.00050587152460764,-0.0006133836935960485,-0.0007130820575704948,-0.0008051402566423999,-0.0008897319309231854,-0.0009670307205242727,-0.001037210265557083,-0.001100444206133038,-0.001156906182363559,-0.001206769834360067,-0.001250208802233984,-0.001287396726096731,-0.00131850724605973,-0.001343714002234401,-0.001363190634732166,-0.001377110783664448,-0.001385648089142666,-0.001388976191278242,-0.001387268730182599,-0.001380699345967156,-0.001369441678743336,-0.00135366936862256,-0.00133355605571625,-0.001309275380135826,-0.00128100098199271,-0.001248906501398324,-0.001213165578464088,-0.001173951853301425,-0.001131438966021756,-0.001085800556736501,-0.001037210265557083,-0.000985841732594923,-0.0009318685979614419,-0.0008754645017680615,-0.000816803084126203,-0.0007560579851472879,-0.0006934028449427375,-0.0006290113036239733,-0.0005630570013024166,-0.0004957135780894888,-0.0004271546740966113,-0.0003575539294352054,-0.0002870849842166927,-0.0002159214785524944,-0.0001442370525540319,-7.220534633272663e-05,-0],
    [-0,-0.000197226226556125,-0.0003903719104938475,-0.0005753565091947649,-0.00074882298050473,-0.0009103082841266198,-0.001060072880227566,-0.0011983772289747,-0.001325481790535155,-0.001441647025076063,-0.001547133392764555,-0.001642201353767765,-0.001727111368252823,-0.001802123896386862,-0.001867499398337014,-0.001923498334270411,-0.001970381164354185,-0.002008408348755469,-0.002037840347641394,-0.002058937621179093,-0.002071960629535697,-0.002077169832878338,-0.00207482569137415,-0.002065188665190263,-0.00204851921449381,-0.002025077799451922,-0.001995124880231733,-0.001958920917000374,-0.001916726369924977,-0.001868801699172674,-0.001815407364910598,-0.00175680382730588,-0.001693251546525652,-0.001625010982737047,-0.001552342596107197,-0.001475506846803233,-0.001394764194992289,-0.001310375100841495,-0.001222600024517984,-0.001131699426188888,-0.001037933766021339,-0.0009415635041824694,-0.000842849100839411,-0.000742051016159296,-0.0006394297103092565,-0.0005352456434564245,-0.0004297592757679321,-0.0003232310674109113,-0.0002159214785524944,-0.0001080909693598132,-0],
    [-0,-0.0002549326235851659,-0.00050587152460764,-0.00074882298050473,-0.0009797932687137447,-0.001195512167136247,-0.001395603455530826,-0.001580414414120321,-0.001750292323127578,-0.001905584462775438,-0.002046638113286744,-0.00217380055488434,-0.002287419067791067,-0.00238784093222977,-0.002475413428423289,-0.002550483836594468,-0.002613399436966151,-0.002664507509761179,-0.002704155335202396,-0.002732690193512643,-0.002750459364914765,-0.002757810129631604,-0.002755089767886002,-0.002742645559900803,-0.002720824785898849,-0.002689974726102982,-0.002650442660736047,-0.002602575870020885,-0.002546721634180339,-0.002483227233437251,-0.002412439948014466,-0.002334707058134825,-0.002250375844021171,-0.002159793585896348,-0.002063307563983198,-0.001961265058504563,-0.001854013349683286,-0.001741899717742211,-0.00162527144290418,-0.001504475805392035,-0.00137986008542862,-0.001251771563236777,-0.001120557519039349,-0.0009865652330591787,-0.0008501419855191094,-0.0007116350566419831,-0.0005713917266506432,-0.0004297592757679321,-0.0002870849842166927,-0.0001437161322197677,-0],
    [-0,-0.0003086452980515149,-0.0006133836935960485,-0.0009103082841266198,-0.001195512167136247,-0.00146508844011795,-0.001715853701029003,-0.001947518549683703,-0.002160517086360604,-0.002355283411338259,-0.002532251624895223,-0.002691855827310047,-0.002834530118861286,-0.002960708599827494,-0.003070825370487224,-0.003165314531119028,-0.003244610182001462,-0.003309146423413077,-0.003359357355632428,-0.003395677078938068,-0.003418539693608551,-0.003428379299922429,-0.003425629998158257,-0.003410725888594588,-0.003384101071509975,-0.003346189647182973,-0.003297425715892133,-0.003238243377916011,-0.003169076733533158,-0.00309035988302213,-0.003002526926661479,-0.002906011964729757,-0.002801249097505521,-0.002688672425267322,-0.002568716048293714,-0.00244181406686325,-0.002308400581254485,-0.002168909691745971,-0.002023775498616262,-0.001873432102143911,-0.001718313602607473,-0.001558854100285499,-0.001395487695456544,-0.001228648488399162,-0.001058770579391905,-0.0008862880687133279,-0.0007116350566419831,-0.0005352456434564245,-0.0003575539294352054,-0.0001789940148568795,-0],
    [-0,-0.0003584510700108826,-0.0007130820575704948,-0.001060072880227566,-0.001395603455530826,-0.001715853701029003,-0.002017003534270828,-0.002295956373269285,-0.002552509637894385,-0.002787184248480388,-0.003000501125361562,-0.003192981188872169,-0.003365145359346474,-0.003517514557118741,-0.003650609702523234,-0.003764951715894217,-0.003861061517565954,-0.003939460027872711,-0.004000668167148749,-0.004045206855728335,-0.004073597013945732,-0.004086359562135203,-0.004084015420631015,-0.00406708550976743,-0.004036090749878712,-0.003991552061299127,-0.003933990364362937,-0.003863926579404407,-0.003781881626757803,-0.003688376426757386,-0.003583931899737422,-0.003469068966032174,-0.003344308545975908,-0.003210171559902887,-0.003067178928147375,-0.002915851571043636,-0.002756710408925935,-0.002590276362128536,-0.002417070350985703,-0.0022376132958317,-0.002052426117000791,-0.00186202973482724,-0.001666945069645312,-0.001467693041789271,-0.001264794571593381,-0.001058770579391905,-0.0008501419855191094,-0.0006394297103092565,-0.0004271546740966113,-0.0002138377972154377,-0],
    [-0,-0.0004044367595189799,-0.0008051402566423999,-0.0011983772289747,-0.001580414414120321,-0.001947518549683703,-0.002295956373269285,-0.002621994622481509,-0.00292262353538907,-0.003197727351917687,-0.003447913812457335,-0.003673790657397989,-0.003875965627129624,-0.004055046462042214,-0.004211640902525735,-0.00434635668897016,-0.004459801561765466,-0.004552583261301627,-0.004625309527968618,-0.004678588102156414,-0.004713026724254988,-0.004729233134654317,-0.004727815073744377,-0.004709380281915139,-0.004674536499556581,-0.004623891467058676,-0.0045580529248114,-0.004477628613204729,-0.004383226272628635,-0.004275453643473094,-0.004154918466128082,-0.004022228480983572,-0.00387799142842954,-0.00372281504885596,-0.003557307082652809,-0.003382075270210059,-0.003197727351917687,-0.003004871068165667,-0.002804114159343974,-0.002596064365842582,-0.002381329428051468,-0.002160517086360604,-0.001934235081159967,-0.001703091152839531,-0.001467693041789271,-0.001228648488399162,-0.0009865652330591787,-0.000742051016159296,-0.0004957135780894888,-0.0002481606592397318,-0],
    [-0,-0.0004466891866315173,-0.0008897319309231854,-0.001325481790535155,-0.001750292323127578,-0.002160517086360604,-0.002552509637894385,-0.00292262353538907,-0.003267212336504812,-0.003583353099366017,-0.003871016883954114,-0.004130898250714789,-0.004363691760093729,-0.004570091972536617,-0.00475079344848914,-0.004906490748396984,-0.005037878432705832,-0.005145651061861374,-0.005230503196309291,-0.005293129396495271,-0.005334224222864999,-0.005354482235864161,-0.005354597995938442,-0.005335266063533527,-0.005297180999095104,-0.005241037363068855,-0.005167529715900468,-0.005077352618035628,-0.004971200629920021,-0.00484976831199933,-0.004713750224719244,-0.004563840928525447,-0.004400734983863624,-0.004225126951179462,-0.004037711390918645,-0.00383918286352686,-0.003630235929449791,-0.003411565149133125,-0.003183865083022546,-0.002947830291563742,-0.002704155335202395,-0.002453534774384194,-0.002196663169554823,-0.001934235081159967,-0.001666945069645312,-0.001395487695456544,-0.001120557519039349,-0.000842849100839411,-0.0005630570013024166,-0.0002818757808740511,-0],
    [-0,-0.0004852951714042056,-0.0009670307205242727,-0.001441647025076063,-0.001905584462775438,-0.002355283411338259,-0.002787184248480388,-0.003197727351917687,-0.003583353099366017,-0.003940501868541239,-0.004266337537623471,-0.004560917986649854,-0.004825024596121783,-0.005059438746540655,-0.005264941818407866,-0.005442315192224813,-0.00559234024849289,-0.005715798367713496,-0.005813470930388026,-0.005886139317017877,-0.005934584908104444,-0.005959589084149124,-0.005961933225653313,-0.005942398713118406,-0.005901766927045801,-0.005840819247936895,-0.005760337056293082,-0.00566110173261576,-0.005543894657406324,-0.005409497211166171,-0.005258690774396696,-0.005092256727599298,-0.00491097645127537,-0.004715631325926309,-0.004507002732053513,-0.004285872050158377,-0.004053020660742298,-0.003809229944306671,-0.003555281281352893,-0.003291956052382359,-0.003020035637896468,-0.002740301418396614,-0.002453534774384194,-0.002160517086360604,-0.00186202973482724,-0.001558854100285499,-0.001251771563236777,-0.0009415635041824694,-0.0006290113036239733,-0.0003148963420626848,-0],
    [-0,-0.0005203415338927554,-0.001037210265557083,-0.001547133392764555,-0.002046638113286744,-0.002532251624895223,-0.003000501125361562,-0.003447913812457335,-0.003871016883954114,-0.004266337537623471,-0.004630402971236978,-0.004960463883030465,-0.00525666497309678,-0.005519874441993033,-0.005750960490276328,-0.005950791318503773,-0.006120235127232477,-0.006260160117019544,-0.006371434488422082,-0.0064549264419972,-0.006511504178302001,-0.006542035897893594,-0.006547389801329088,-0.006528434089165586,-0.006486036961960198,-0.006421066620270028,-0.006334391264652186,-0.006226879095663778,-0.006099398313861909,-0.00595281711980369,-0.005788003714046223,-0.005605826297146618,-0.005407153069661982,-0.005192852232149421,-0.00496379198516604,-0.004720840529268951,-0.004464866065015257,-0.004196736792962065,-0.003917320913666484,-0.003627486627685619,-0.003328102135576578,-0.003020035637896468,-0.002704155335202395,-0.002381329428051468,-0.002052426117000791,-0.001718313602607473,-0.00137986008542862,-0.001037933766021339,-0.0006934028449427375,-0.0003471355227499222,-0],
    [-0,-0.0005519150941528776,-0.001100444206133038,-0.001642201353767765,-0.00217380055488434,-0.002691855827310047,-0.003192981188872169,-0.003673790657397989,-0.004130898250714789,-0.004560917986649854,-0.004960463883030465,-0.005326149957683905,-0.005655313728901714,-0.005948186716832453,-0.006205723942088939,-0.006428880425283991,-0.006618611187030427,-0.006775871247941063,-0.006901615628628717,-0.006996799349706206,-0.00706237743178635,-0.007099304895481965,-0.007108536761405869,-0.007091028050170879,-0.007047733782389813,-0.00697960897867549,-0.006887608659640726,-0.006772687845898337,-0.006635801558061144,-0.006477904816741963,-0.006299952642553611,-0.006102900056108908,-0.005887702078020669,-0.005655313728901714,-0.005406690029364858,-0.005142786000022921,-0.004864556661488719,-0.00457295703437507,-0.004268942139294792,-0.003953466996860703,-0.003627486627685619,-0.003291956052382359,-0.002947830291563742,-0.002596064365842582,-0.0022376132958317,-0.001873432102143911,-0.001504475805392035,-0.001131699426188888,-0.0007560579851472879,-0.0003785065028800528,-0],
    [-0,-0.0005801026722402827,-0.001156906182363559,-0.001727111368252823,-0.002287419067791067,-0.002834530118861286,-0.003365145359346474,-0.003875965627129624,-0.004363691760093729,-0.004825024596121783,-0.00525666497309678,-0.005655313728901714,-0.006017671701419577,-0.006341163228997621,-0.006626106651840116,-0.006873543810615592,-0.007084516545992577,-0.007260066698639598,-0.007401236109225187,-0.007509066618417868,-0.007584600066886171,-0.007628878295298624,-0.007642943144323756,-0.007627836454630096,-0.007584600066886171,-0.007514275821760509,-0.007417905559921639,-0.00729653112203809,-0.00715119434877839,-0.006982937080811066,-0.006792801158804648,-0.006581828423427662,-0.00635106071534864,-0.006101539875236107,-0.005834307743758593,-0.005550406161584626,-0.005250876969382734,-0.004936762007821446,-0.004609103117569288,-0.004268942139294792,-0.003917320913666484,-0.003555281281352893,-0.003183865083022546,-0.002804114159343974,-0.002417070350985703,-0.002023775498616262,-0.00162527144290418,-0.001222600024517984,-0.000816803084126203,-0.0004089224623973657,-0],
    [-0,-0.0006049910882106815,-0.001206769834360067,-0.001802123896386862,-0.00238784093222977,-0.002960708599827494,-0.003517514557118741,-0.004055046462042214,-0.004570091972536617,-0.005059438746540655,-0.005519874441993033,-0.005948186716832453,-0.006341163228997621,-0.006695591636427242,-0.007008983097524274,-0.007281742772548702,-0.007514999322224766,-0.007709881407276701,-0.007867517688428751,-0.007989036826405151,-0.008075567481930142,-0.008128238315727962,-0.008148177988522852,-0.008136515161039049,-0.008094378494000793,-0.00802289664813232,-0.007923198284157875,-0.007796412062801692,-0.007643666644788012,-0.007466090690841075,-0.007264812861685117,-0.00704096181804438,-0.0067956662206431,-0.00653005473020552,-0.006245256007455875,-0.005942398713118406,-0.005622611507917352,-0.005287023052576952,-0.004936762007821446,-0.00457295703437507,-0.004196736792962065,-0.003809229944306671,-0.003411565149133125,-0.003004871068165667,-0.002590276362128536,-0.002168909691745971,-0.001741899717742211,-0.001310375100841495,-0.0008754645017680615,-0.0004382965812461502,-0],
    [-0,-0.0006266671621197845,-0.001250208802233984,-0.001867499398337014,-0.002475413428423289,-0.003070825370487224,-0.003650609702523234,-0.004211640902525735,-0.00475079344848914,-0.005264941818407866,-0.005750960490276328,-0.006205723942088939,-0.006626106651840116,-0.007008983097524274,-0.007351227757135827,-0.007650438609133447,-0.007907107633832827,-0.008122450312013916,-0.008297682124456666,-0.008434018551941024,-0.008532675075246942,-0.008594867175154369,-0.008621810332443254,-0.008614720027893548,-0.008574811742285198,-0.008503300956398157,-0.008401403151012373,-0.008270333806907799,-0.008111308404864377,-0.007925542425662064,-0.007714251350080806,-0.007478650658900556,-0.007219955832901259,-0.006939382352862868,-0.006638145699565333,-0.006317461353788602,-0.005978544796312625,-0.005622611507917352,-0.005250876969382734,-0.004864556661488719,-0.004464866065015257,-0.004053020660742298,-0.003630235929449791,-0.003197727351917687,-0.002756710408925935,-0.002308400581254485,-0.001854013349683286,-0.001394764194992289,-0.0009318685979614419,-0.0004665420393706959,-0],
    [-0,-0.0006452177140233027,-0.001287396726096731,-0.001923498334270411,-0.002550483836594468,-0.003165314531119028,-0.003764951715894217,-0.00434635668897016,-0.004906490748396984,-0.005442315192224813,-0.005950791318503773,-0.006428880425283991,-0.006873543810615592,-0.007281742772548702,-0.007650438609133447,-0.007976592618419952,-0.008257889598922598,-0.008494908351012791,-0.008688951175526189,-0.008841320373298458,-0.008953318245165251,-0.009026247091962234,-0.009061409214525066,-0.009060106913689405,-0.009023642490290914,-0.008953318245165253,-0.00885043647914808,-0.00871629949307506,-0.008552209587781847,-0.00835946906410411,-0.008139380222877501,-0.007893245364937686,-0.007622366791120322,-0.007328046802261072,-0.007011587699195594,-0.006674291782759551,-0.006317461353788602,-0.005942398713118406,-0.005550406161584626,-0.005142786000022921,-0.004720840529268951,-0.004285872050158377,-0.00383918286352686,-0.003382075270210059,-0.002915851571043636,-0.00244181406686325,-0.001961265058504563,-0.001475506846803233,-0.000985841732594923,-0.0004935720167152917,-0],
    [-0,-0.0006607295639769466,-0.00131850724605973,-0.001970381164354185,-0.002613399436966151,-0.003244610182001462,-0.003861061517565954,-0.004459801561765466,-0.005037878432705832,-0.00559234024849289,-0.006120235127232477,-0.006618611187030427,-0.007084516545992577,-0.007514999322224766,-0.007907107633832827,-0.008257889598922598,-0.008564393335599916,-0.008824390462434873,-0.009038546599854582,-0.009208250868750417,-0.009334892390013748,-0.009419860284535947,-0.009464543673208384,-0.00947033167692243,-0.009438613416569458,-0.009370778013040836,-0.009268214587227937,-0.009132312260022132,-0.008964460152314791,-0.008766047384997285,-0.008538463078960988,-0.00828309635509727,-0.008001336334297499,-0.007694572137453049,-0.007364192885455291,-0.007011587699195594,-0.006638145699565333,-0.006245256007455875,-0.005834307743758593,-0.005406690029364858,-0.00496379198516604,-0.004507002732053513,-0.004037711390918645,-0.003557307082652809,-0.003067178928147375,-0.002568716048293714,-0.002063307563983198,-0.001552342596107197,-0.001037210265557083,-0.0005192996932242271,-0],
    [-0,-0.0006732895320364269,-0.001343714002234401,-0.002008408348755469,-0.002664507509761179,-0.003309146423413077,-0.003939460027872711,-0.004552583261301627,-0.005145651061861374,-0.005715798367713496,-0.006260160117019544,-0.006775871247941063,-0.007260066698639598,-0.007709881407276701,-0.008122450312013916,-0.008494908351012791,-0.008824390462434873,-0.009108031584441708,-0.009343690155659098,-0.009532118616569874,-0.009674792908121113,-0.009773188971259899,-0.009828782746933313,-0.009843050176088436,-0.009817467199672353,-0.009753509758632142,-0.009652653793914886,-0.009516375246467668,-0.009346150057237568,-0.009143454167171669,-0.008909763517217055,-0.008646554048320801,-0.008355301701429995,-0.008037482417491719,-0.007694572137453049,-0.007328046802261072,-0.006939382352862868,-0.00653005473020552,-0.006101539875236107,-0.005655313728901714,-0.005192852232149421,-0.004715631325926309,-0.004225126951179462,-0.00372281504885596,-0.003210171559902887,-0.002688672425267322,-0.002159793585896348,-0.001625010982737047,-0.001085800556736501,-0.0005436382488417915,-0],
    [-0,-0.0006829844382574543,-0.001363190634732166,-0.002037840347641394,-0.002704155335202396,-0.003359357355632428,-0.004000668167148749,-0.004625309527968618,-0.005230503196309291,-0.005813470930388026,-0.006371434488422082,-0.006901615628628717,-0.007401236109225187,-0.007867517688428751,-0.008297682124456666,-0.008688951175526189,-0.009038546599854582,-0.009343690155659098,-0.009601603601156998,-0.009810232195029795,-0.009970415197816024,-0.01008371537051848,-0.01015169547413995,-0.01017591826968323,-0.01015794651815112,-0.0100993429805464,-0.01000167041787187,-0.009866491591130325,-0.009695369261324548,-0.009489866189457337,-0.009251545136531484,-0.00898196886354978,-0.008682700131515021,-0.008355301701429995,-0.008001336334297499,-0.007622366791120322,-0.007219955832901259,-0.0067956662206431,-0.00635106071534864,-0.005887702078020669,-0.005407153069661982,-0.00491097645127537,-0.004400734983863624,-0.00387799142842954,-0.003344308545975908,-0.002801249097505521,-0.002250375844021171,-0.001693251546525652,-0.001131438966021756,-0.0005665008635122741,-0],
    [-0,-0.0006899011026957395,-0.001377110783664448,-0.002058937621179093,-0.002732690193512643,-0.003395677078938068,-0.004045206855728335,-0.004678588102156414,-0.005293129396495271,-0.005886139317017877,-0.0064549264419972,-0.006996799349706206,-0.007509066618417868,-0.007989036826405151,-0.008434018551941024,-0.008841320373298458,-0.009208250868750417,-0.009532118616569874,-0.009810232195029795,-0.01003990018240315,-0.01021915465742716,-0.01034892170069608,-0.0104308508932684,-0.01046659181620264,-0.01045779405055729,-0.01040610717739085,-0.01031318077776184,-0.01018066443272875,-0.01001020772335009,-0.00980346023068436,-0.009562071535790062,-0.009287691219725702,-0.00898196886354978,-0.008646554048320801,-0.00828309635509727,-0.007893245364937686,-0.007478650658900556,-0.00704096181804438,-0.006581828423427662,-0.006102900056108908,-0.005605826297146618,-0.005092256727599298,-0.004563840928525447,-0.004022228480983572,-0.003469068966032174,-0.002906011964729757,-0.002334707058134825,-0.00175680382730588,-0.001173951853301425,-0.0005878007171799642,-0],
    [-0,-0.0006941263454069934,-0.001385648089142666,-0.002071960629535697,-0.002750459364914765,-0.003418539693608551,-0.004073597013945732,-0.004713026724254988,-0.005334224222864999,-0.005934584908104444,-0.006511504178302001,-0.00706237743178635,-0.007584600066886171,-0.008075567481930142,-0.008532675075246942,-0.008953318245165251,-0.009334892390013748,-0.009674792908121113,-0.009970415197816024,-0.01021915465742716,-0.0104184066852832,-0.01056629018017708,-0.01066381804275876,-0.01071272667414245,-0.01071475247544237,-0.01067163184777272,-0.01058510119224773,-0.01045689690998161,-0.01028875540208857,-0.01008241306968282,-0.00983960631387858,-0.009562071535790062,-0.009251545136531484,-0.008909763517217055,-0.008538463078960988,-0.008139380222877501,-0.007714251350080806,-0.007264812861685117,-0.006792801158804648,-0.006299952642553611,-0.005788003714046223,-0.005258690774396696,-0.004713750224719244,-0.004154918466128082,-0.003583931899737422,-0.003002526926661479,-0.002412439948014466,-0.001815407364910598,-0.001213165578464088,-0.0006074509897891511,-0],
    [-0,-0.0006957469864469262,-0.001388976191278242,-0.002077169832878338,-0.002757810129631604,-0.003428379299922429,-0.004086359562135203,-0.004729233134654317,-0.005354482235864161,-0.005959589084149124,-0.006542035897893594,-0.007099304895481965,-0.007628878295298624,-0.008128238315727962,-0.008594867175154369,-0.009026247091962234,-0.009419860284535947,-0.009773188971259899,-0.01008371537051848,-0.01034892170069608,-0.01056629018017708,-0.01073330302734589,-0.01084816596105113,-0.0109119787019985,-0.01092656447135789,-0.01089374649029925,-0.01081534797999249,-0.01069319216160755,-0.01052910225631434,-0.01032490148528279,-0.01008241306968282,-0.00980346023068436,-0.009489866189457337,-0.009143454167171669,-0.008766047384997285,-0.00835946906410411,-0.007925542425662064,-0.007466090690841075,-0.006982937080811066,-0.006477904816741963,-0.00595281711980369,-0.005409497211166171,-0.00484976831199933,-0.004275453643473094,-0.003688376426757386,-0.00309035988302213,-0.002483227233437251,-0.001868801699172674,-0.001248906501398324,-0.0006253648612841241,-0],
    [-0,-0.0006948498458712491,-0.001387268730182599,-0.00207482569137415,-0.002755089767886002,-0.003425629998158257,-0.004084015420631015,-0.004727815073744377,-0.005354597995938442,-0.005961933225653313,-0.006547389801329088,-0.007108536761405869,-0.007642943144323756,-0.008148177988522852,-0.008621810332443254,-0.009061409214525066,-0.009464543673208384,-0.009828782746933313,-0.01015169547413995,-0.0104308508932684,-0.01066381804275876,-0.01084816596105113,-0.01098146368658562,-0.01106200375826657,-0.01109097271685537,-0.01107028060357766,-0.01100183745965906,-0.01088755332632522,-0.01072933824480176,-0.01052910225631434,-0.01028875540208857,-0.01001020772335009,-0.009695369261324548,-0.009346150057237568,-0.008964460152314791,-0.008552209587781847,-0.008111308404864377,-0.007643666644788012,-0.00715119434877839,-0.006635801558061144,-0.006099398313861909,-0.005543894657406324,-0.004971200629920021,-0.004383226272628635,-0.003781881626757803,-0.003169076733533158,-0.002546721634180339,-0.001916726369924977,-0.00128100098199271,-0.0006414555116091728,-0],
    [-0,-0.0006915217437356725,-0.001380699345967156,-0.002065188665190263,-0.002742645559900803,-0.003410725888594588,-0.00406708550976743,-0.004709380281915139,-0.005335266063533527,-0.005942398713118406,-0.006528434089165586,-0.007091028050170879,-0.007627836454630096,-0.008136515161039049,-0.008614720027893548,-0.009060106913689405,-0.00947033167692243,-0.009843050176088436,-0.01017591826968323,-0.01046659181620264,-0.01071272667414245,-0.0109119787019985,-0.01106200375826657,-0.0111604577014425,-0.01120571989048634,-0.01119906368621519,-0.01114248594991038,-0.01103798354285328,-0.01088755332632522,-0.01069319216160755,-0.01045689690998161,-0.01018066443272875,-0.009866491591130325,-0.009516375246467668,-0.009132312260022132,-0.00871629949307506,-0.008270333806907799,-0.007796412062801692,-0.00729653112203809,-0.006772687845898337,-0.006226879095663778,-0.00566110173261576,-0.005077352618035628,-0.004477628613204729,-0.003863926579404407,-0.003238243377916011,-0.002602575870020885,-0.001958920917000374,-0.001309275380135826,-0.0006556361207085859,-0],
    [-0,-0.0006858495000959073,-0.001369441678743336,-0.00204851921449381,-0.002720824785898849,-0.003384101071509975,-0.004036090749878712,-0.004674536499556581,-0.005297180999095104,-0.005901766927045801,-0.006486036961960198,-0.007047733782389813,-0.007584600066886171,-0.008094378494000793,-0.008574811742285198,-0.009023642490290914,-0.009438613416569458,-0.009817467199672353,-0.01015794651815112,-0.01045779405055729,-0.01071475247544237,-0.01092656447135789,-0.01109097271685537,-0.01120571989048634,-0.01126854867080231,-0.01127792523681907,-0.0112352097694094,-0.01114248594991038,-0.01100183745965906,-0.01081534797999249,-0.01058510119224773,-0.01031318077776184,-0.01000167041787187,-0.009652653793914886,-0.009268214587227937,-0.00885043647914808,-0.008401403151012373,-0.007923198284157875,-0.007417905559921639,-0.006887608659640726,-0.006334391264652186,-0.005760337056293082,-0.005167529715900468,-0.0045580529248114,-0.003933990364362937,-0.003297425715892133,-0.002650442660736047,-0.001995124880231733,-0.00133355605571625,-0.0006678198685266533,-0],
    [-0,-0.0006779199350076639,-0.00135366936862256,-0.002025077799451922,-0.002689974726102982,-0.003346189647182973,-0.003991552061299127,-0.004623891467058676,-0.005241037363068855,-0.005840819247936895,-0.006421066620270028,-0.00697960897867549,-0.007514275821760509,-0.00802289664813232,-0.008503300956398157,-0.008953318245165253,-0.009370778013040836,-0.009753509758632142,-0.0100993429805464,-0.01040610717739085,-0.01067163184777272,-0.01089374649029925,-0.01107028060357766,-0.01119906368621519,-0.01127792523681907,-0.01130469475399653,-0.01127792523681907,-0.01119906368621519,-0.01107028060357766,-0.01089374649029925,-0.01067163184777272,-0.01040610717739085,-0.0100993429805464,-0.009753509758632142,-0.009370778013040836,-0.008953318245165253,-0.008503300956398157,-0.00802289664813232,-0.007514275821760509,-0.00697960897867549,-0.006421066620270028,-0.005840819247936895,-0.005241037363068855,-0.004623891467058676,-0.003991552061299127,-0.003346189647182973,-0.002689974726102982,-0.002025077799451922,-0.00135366936862256,-0.0006779199350076639,-0],
    [-0,-0.0006678198685266533,-0.00133355605571625,-0.001995124880231733,-0.002650442660736047,-0.003297425715892133,-0.003933990364362937,-0.0045580529248114,-0.005167529715900468,-0.005760337056293082,-0.006334391264652186,-0.006887608659640726,-0.007417905559921639,-0.007923198284157875,-0.008401403151012373,-0.00885043647914808,-0.009268214587227937,-0.009652653793914886,-0.01000167041787187,-0.01031318077776184,-0.01058510119224773,-0.01081534797999249,-0.01100183745965906,-0.01114248594991038,-0.0112352097694094,-0.01127792523681907,-0.01126854867080231,-0.01120571989048634,-0.01109097271685537,-0.01092656447135789,-0.01071475247544237,-0.01045779405055729,-0.01015794651815112,-0.009817467199672353,-0.009438613416569458,-0.009023642490290914,-0.008574811742285198,-0.008094378494000793,-0.007584600066886171,-0.007047733782389813,-0.006486036961960198,-0.005901766927045801,-0.005297180999095104,-0.004674536499556581,-0.004036090749878712,-0.003384101071509975,-0.002720824785898849,-0.00204851921449381,-0.001369441678743336,-0.0006858495000959073,-0],
    [-0,-0.0006556361207085859,-0.001309275380135826,-0.001958920917000374,-0.002602575870020885,-0.003238243377916011,-0.003863926579404407,-0.004477628613204729,-0.005077352618035628,-0.00566110173261576,-0.006226879095663778,-0.006772687845898337,-0.00729653112203809,-0.007796412062801692,-0.008270333806907799,-0.00871629949307506,-0.009132312260022132,-0.009516375246467668,-0.009866491591130325,-0.01018066443272875,-0.01045689690998161,-0.01069319216160755,-0.01088755332632522,-0.01103798354285328,-0.01114248594991038,-0.01119906368621519,-0.01120571989048634,-0.0111604577014425,-0.01106200375826657,-0.0109119787019985,-0.01071272667414245,-0.01046659181620264,-0.01017591826968323,-0.009843050176088436,-0.00947033167692243,-0.009060106913689405,-0.008614720027893548,-0.008136515161039049,-0.007627836454630096,-0.007091028050170879,-0.006528434089165586,-0.005942398713118406,-0.005335266063533527,-0.004709380281915139,-0.00406708550976743,-0.003410725888594588,-0.002742645559900803,-0.002065188665190263,-0.001380699345967156,-0.0006915217437356725,-0],
    [-0,-0.0006414555116091728,-0.00128100098199271,-0.001916726369924977,-0.002546721634180339,-0.003169076733533158,-0.003781881626757803,-0.004383226272628635,-0.004971200629920021,-0.005543894657406324,-0.006099398313861909,-0.006635801558061144,-0.00715119434877839,-0.007643666644788012,-0.008111308404864377,-0.008552209587781847,-0.008964460152314791,-0.009346150057237568,-0.009695369261324548,-0.01001020772335009,-0.01028875540208857,-0.01052910225631434,-0.01072933824480176,-0.01088755332632522,-0.01100183745965906,-0.01107028060357766,-0.01109097271685537,-0.01106200375826657,-0.01098146368658562,-0.01084816596105113,-0.01066381804275876,-0.0104308508932684,-0.01015169547413995,-0.009828782746933313,-0.009464543673208384,-0.009061409214525066,-0.008621810332443254,-0.008148177988522852,-0.007642943144323756,-0.007108536761405869,-0.006547389801329088,-0.005961933225653313,-0.005354597995938442,-0.004727815073744377,-0.004084015420631015,-0.003425629998158257,-0.002755089767886002,-0.00207482569137415,-0.001387268730182599,-0.0006948498458712491,-0],
    [-0,-0.0006253648612841241,-0.001248906501398324,-0.001868801699172674,-0.002483227233437251,-0.00309035988302213,-0.003688376426757386,-0.004275453643473094,-0.00484976831199933,-0.005409497211166171,-0.00595281711980369,-0.006477904816741963,-0.006982937080811066,-0.007466090690841075,-0.007925542425662064,-0.00835946906410411,-0.008766047384997285,-0.009143454167171669,-0.009489866189457337,-0.00980346023068436,-0.01008241306968282,-0.01032490148528279,-0.01052910225631434,-0.01069319216160755,-0.01081534797999249,-0.01089374649029925,-0.01092656447135789,-0.0109119787019985,-0.01084816596105113,-0.01073330302734589,-0.01056629018017708,-0.01034892170069608,-0.01008371537051848,-0.009773188971259899,-0.009419860284535947,-0.009026247091962234,-0.008594867175154369,-0.008128238315727962,-0.007628878295298624,-0.007099304895481965,-0.006542035897893594,-0.005959589084149124,-0.005354482235864161,-0.004729233134654317,-0.004086359562135203,-0.003428379299922429,-0.002757810129631604,-0.002077169832878338,-0.001388976191278242,-0.0006957469864469262,-0],
    [-0,-0.0006074509897891511,-0.001213165578464088,-0.001815407364910598,-0.002412439948014466,-0.003002526926661479,-0.003583931899737422,-0.004154918466128082,-0.004713750224719244,-0.005258690774396696,-0.005788003714046223,-0.006299952642553611,-0.006792801158804648,-0.007264812861685117,-0.007714251350080806,-0.008139380222877501,-0.008538463078960988,-0.008909763517217055,-0.009251545136531484,-0.009562071535790062,-0.00983960631387858,-0.01008241306968282,-0.01028875540208857,-0.01045689690998161,-0.01058510119224773,-0.01067163184777272,-0.01071475247544237,-0.01071272667414245,-0.01066381804275876,-0.01056629018017708,-0.0104184066852832,-0.01021915465742716,-0.009970415197816024,-0.009674792908121113,-0.009334892390013748,-0.008953318245165251,-0.008532675075246942,-0.008075567481930142,-0.007584600066886171,-0.00706237743178635,-0.006511504178302001,-0.005934584908104444,-0.005334224222864999,-0.004713026724254988,-0.004073597013945732,-0.003418539693608551,-0.002750459364914765,-0.002071960629535697,-0.001385648089142666,-0.0006941263454069934,-0],
    [-0,-0.0005878007171799642,-0.001173951853301425,-0.00175680382730588,-0.002334707058134825,-0.002906011964729757,-0.003469068966032174,-0.004022228480983572,-0.004563840928525447,-0.005092256727599298,-0.005605826297146618,-0.006102900056108908,-0.006581828423427662,-0.00704096181804438,-0.007478650658900556,-0.007893245364937686,-0.00828309635509727,-0.008646554048320801,-0.00898196886354978,-0.009287691219725702,-0.009562071535790062,-0.00980346023068436,-0.01001020772335009,-0.01018066443272875,-0.01031318077776184,-0.01040610717739085,-0.01045779405055729,-0.01046659181620264,-0.0104308508932684,-0.01034892170069608,-0.01021915465742716,-0.01003990018240315,-0.009810232195029795,-0.009532118616569874,-0.009208250868750417,-0.008841320373298458,-0.008434018551941024,-0.007989036826405151,-0.007509066618417868,-0.006996799349706206,-0.0064549264419972,-0.005886139317017877,-0.005293129396495271,-0.004678588102156414,-0.004045206855728335,-0.003395677078938068,-0.002732690193512643,-0.002058937621179093,-0.001377110783664448,-0.0006899011026957395,-0],
    [-0,-0.0005665008635122741,-0.001131438966021756,-0.001693251546525652,-0.002250375844021171,-0.002801249097505521,-0.003344308545975908,-0.00387799142842954,-0.004400734983863624,-0.00491097645127537,-0.005407153069661982,-0.005887702078020669,-0.00635106071534864,-0.0067956662206431,-0.007219955832901259,-0.007622366791120322,-0.008001336334297499,-0.008355301701429995,-0.008682700131515021,-0.00898196886354978,-0.009251545136531484,-0.009489866189457337,-0.009695369261324548,-0.009866491591130325,-0.01000167041787187,-0.0100993429805464,-0.01015794651815112,-0.01017591826968323,-0.01015169547413995,-0.01008371537051848,-0.009970415197816024,-0.009810232195029795,-0.009601603601156998,-0.009343690155659098,-0.009038546599854582,-0.008688951175526189,-0.008297682124456666,-0.007867517688428751,-0.007401236109225187,-0.006901615628628717,-0.006371434488422082,-0.005813470930388026,-0.005230503196309291,-0.004625309527968618,-0.004000668167148749,-0.003359357355632428,-0.002704155335202396,-0.002037840347641394,-0.001363190634732166,-0.0006829844382574543,-0],
    [-0,-0.0005436382488417915,-0.001085800556736501,-0.001625010982737047,-0.002159793585896348,-0.002688672425267322,-0.003210171559902887,-0.00372281504885596,-0.004225126951179462,-0.004715631325926309,-0.005192852232149421,-0.005655313728901714,-0.006101539875236107,-0.00653005473020552,-0.006939382352862868,-0.007328046802261072,-0.007694572137453049,-0.008037482417491719,-0.008355301701429995,-0.008646554048320801,-0.008909763517217055,-0.009143454167171669,-0.009346150057237568,-0.009516375246467668,-0.009652653793914886,-0.009753509758632142,-0.009817467199672353,-0.009843050176088436,-0.009828782746933313,-0.009773188971259899,-0.009674792908121113,-0.009532118616569874,-0.009343690155659098,-0.009108031584441708,-0.008824390462434873,-0.008494908351012791,-0.008122450312013916,-0.007709881407276701,-0.007260066698639598,-0.006775871247941063,-0.006260160117019544,-0.005715798367713496,-0.005145651061861374,-0.004552583261301627,-0.003939460027872711,-0.003309146423413077,-0.002664507509761179,-0.002008408348755469,-0.001343714002234401,-0.0006732895320364269,-0],
    [-0,-0.0005192996932242271,-0.001037210265557083,-0.001552342596107197,-0.002063307563983198,-0.002568716048293714,-0.003067178928147375,-0.003557307082652809,-0.004037711390918645,-0.004507002732053513,-0.00496379198516604,-0.005406690029364858,-0.005834307743758593,-0.006245256007455875,-0.006638145699565333,-0.007011587699195594,-0.007364192885455291,-0.007694572137453049,-0.008001336334297499,-0.00828309635509727,-0.008538463078960988,-0.008766047384997285,-0.008964460152314791,-0.009132312260022132,-0.009268214587227937,-0.009370778013040836,-0.009438613416569458,-0.00947033167692243,-0.009464543673208384,-0.009419860284535947,-0.009334892390013748,-0.009208250868750417,-0.009038546599854582,-0.008824390462434873,-0.008564393335599916,-0.008257889598922598,-0.007907107633832827,-0.007514999322224766,-0.007084516545992577,-0.006618611187030427,-0.006120235127232477,-0.00559234024849289,-0.005037878432705832,-0.004459801561765466,-0.003861061517565954,-0.003244610182001462,-0.002613399436966151,-0.001970381164354185,-0.00131850724605973,-0.0006607295639769466,-0],
    [-0,-0.0004935720167152917,-0.000985841732594923,-0.001475506846803233,-0.001961265058504563,-0.00244181406686325,-0.002915851571043636,-0.003382075270210059,-0.00383918286352686,-0.004285872050158377,-0.004720840529268951,-0.005142786000022921,-0.005550406161584626,-0.005942398713118406,-0.006317461353788602,-0.006674291782759551,-0.007011587699195594,-0.007328046802261072,-0.007622366791120322,-0.007893245364937686,-0.008139380222877501,-0.00835946906410411,-0.008552209587781847,-0.00871629949307506,-0.00885043647914808,-0.008953318245165253,-0.009023642490290914,-0.009060106913689405,-0.009061409214525066,-0.009026247091962234,-0.008953318245165251,-0.008841320373298458,-0.008688951175526189,-0.008494908351012791,-0.008257889598922598,-0.007976592618419952,-0.007650438609133447,-0.007281742772548702,-0.006873543810615592,-0.006428880425283991,-0.005950791318503773,-0.005442315192224813,-0.004906490748396984,-0.00434635668897016,-0.003764951715894217,-0.003165314531119028,-0.002550483836594468,-0.001923498334270411,-0.001287396726096731,-0.0006452177140233027,-0],
    [-0,-0.0004665420393706959,-0.0009318685979614419,-0.001394764194992289,-0.001854013349683286,-0.002308400581254485,-0.002756710408925935,-0.003197727351917687,-0.003630235929449791,-0.004053020660742298,-0.004464866065015257,-0.004864556661488719,-0.005250876969382734,-0.005622611507917352,-0.005978544796312625,-0.006317461353788602,-0.006638145699565333,-0.006939382352862868,-0.007219955832901259,-0.007478650658900556,-0.007714251350080806,-0.007925542425662064,-0.008111308404864377,-0.008270333806907799,-0.008401403151012373,-0.008503300956398157,-0.008574811742285198,-0.008614720027893548,-0.008621810332443254,-0.008594867175154369,-0.008532675075246942,-0.008434018551941024,-0.008297682124456666,-0.008122450312013916,-0.007907107633832827,-0.007650438609133447,-0.007351227757135827,-0.007008983097524274,-0.006626106651840116,-0.006205723942088939,-0.005750960490276328,-0.005264941818407866,-0.00475079344848914,-0.004211640902525735,-0.003650609702523234,-0.003070825370487224,-0.002475413428423289,-0.001867499398337014,-0.001250208802233984,-0.0006266671621197845,-0],
