[
    [
    [0,0,0,0,0,0,0,0,0,0,0,0,0,0,0,0,0,0,0,0,0,0,0,0,0,0,0,0,0,0,0,0,0,0,0,0,0,0,0,0,0,0,0,0,0,0,0,0,0,0,0,0,0,0,0,0,0,0,0,0,0,0,0,0,0,0,0,0,0,0,0,0,0,0,0,0],
    [0,0.7893333449363709,0.7786666779518128,0.7680000101725261,0.7573333439826965,0.746666677792867,0.7360000084241231,0.725333345413208,0.7146666760444641,0.7040000066757202,0.6933333436648051,0.6826666742960611,0.6720000049273173,0.6613333355585733,0.6506666789054871,0.6400000095367432,0.6293333401679992,0.6186666707992553,0.6080000014305114,0.5973333447774252,0.5866666754086812,0.5759999933242795,0.5653333366711933,0.5546666800181071,0.5439999979337056,0.5333333412806194,0.5226666591962176,0.5120000025431314,0.5013333458900452,0.4906666638056436,0.4800000071525574,0.4693333250681557,0.4586666684150695,0.4480000117619833,0.4373333296775817,0.4266666730244955,0.4159999909400938,0.4053333342870076,0.3946666776339214,0.3839999955495197,0.3733333388964335,0.3626666822433473,0.3519999747276302,0.341333318074544,0.3306666614214578,0.3200000047683716,0.3093333481152854,0.2986666405995683,0.2879999839464821,0.2773333272933959,0.2666666706403097,0.2560000139872235,0.2453333064715063,0.2346666498184201,0.2239999931653339,0.2133333365122478,0.2026666798591616,0.1919999723434443,0.1813333156903582,0.170666659037272,0.1600000023841858,0.1493333457310996,0.1386666382153824,0.1279999815622962,0.11733332490921,0.1066666682561238,0.09600001160303764,0.0853333040873205,0.0746666474342343,0.06399999078114811,0.05333333412806192,0.04266667747497573,0.03199996995925858,0.02133331330617239,0.01066665665308619,0],
    [0,0.7786666779518128,1.557333355903626,1.536000020345052,1.514666687965393,1.493333355585734,1.472000016848246,1.450666690826416,1.429333352088928,1.40800001335144,1.38666668732961,1.365333348592122,1.344000009854635,1.322666671117147,1.301333357810974,1.280000019073486,1.258666680335998,1.237333341598511,1.216000002861023,1.19466668955485,1.173333350817362,1.151999986648559,1.130666673342387,1.109333360036214,1.087999995867411,1.066666682561239,1.045333318392435,1.024000005086263,1.00266669178009,0.9813333276112871,0.9600000143051147,0.9386666501363113,0.917333336830139,0.8960000235239666,0.8746666593551633,0.8533333460489909,0.8319999818801875,0.8106666685740151,0.7893333552678428,0.7679999910990394,0.746666677792867,0.7253333644866946,0.7039999494552603,0.682666636149088,0.6613333228429156,0.6400000095367432,0.6186666962305708,0.5973332811991365,0.5759999678929641,0.5546666545867918,0.5333333412806194,0.512000027974447,0.4906666129430127,0.4693332996368403,0.4479999863306679,0.4266666730244955,0.4053333597183231,0.3839999446868887,0.3626666313807163,0.3413333180745439,0.3200000047683715,0.2986666914621992,0.2773332764307648,0.2559999631245924,0.2346666498184201,0.2133333365122477,0.1920000232060753,0.170666608174641,0.1493332948684686,0.1279999815622962,0.1066666682561238,0.08533335494995145,0.06399993991851716,0.04266662661234477,0.02133331330617239,0],
    [0,0.7680000101725261,1.536000020345052,2.304000087738037,2.27200008837382,2.240000089009603,2.208000080108642,2.176000090281169,2.144000081380208,2.112000072479248,2.080000082651774,2.048000073750813,2.016000064849853,1.984000055948892,1.952000085194906,1.920000076293945,1.888000067392985,1.856000058492024,1.824000049591064,1.792000078837077,1.760000069936117,1.728000022888182,1.696000052134195,1.664000081380209,1.632000034332274,1.600000063578288,1.568000016530353,1.536000045776367,1.50400007502238,1.472000027974445,1.440000057220459,1.408000010172524,1.376000039418538,1.344000068664551,1.312000021616617,1.28000005086263,1.248000003814695,1.216000033060709,1.184000062306723,1.152000015258788,1.120000044504802,1.088000073750815,1.055999950408932,1.023999979654945,0.9920000089009591,0.9600000381469727,0.9280000673929862,0.8959999440511032,0.8639999732971168,0.8320000025431303,0.8000000317891439,0.7680000610351575,0.7359999376932744,0.703999966939288,0.6719999961853016,0.6400000254313152,0.6080000546773288,0.5759999313354455,0.5439999605814591,0.5119999898274726,0.4800000190734862,0.4480000483194998,0.4159999249776167,0.3839999542236303,0.3519999834696439,0.3200000127156575,0.2880000419616711,0.255999918619788,0.2239999478658016,0.1919999771118152,0.1600000063578287,0.1280000356038423,0.09599991226195925,0.06399994150797284,0.03199997075398642,0],
    [0,0.7573333439826965,1.514666687965393,2.27200008837382,3.029333375930786,2.986666711171468,2.944000033696492,2.901333381652832,2.858666704177856,2.816000026702881,2.773333374659221,2.730666697184244,2.688000019709269,2.645333342234293,2.602666715621949,2.560000038146973,2.517333360671997,2.474666683197021,2.432000005722045,2.389333379109701,2.346666701634725,2.303999973297118,2.261333346684773,2.218666720072429,2.175999991734822,2.133333365122478,2.09066663678487,2.048000010172526,2.005333383560181,1.962666655222574,1.920000028610229,1.877333300272623,1.834666673660278,1.792000047047933,1.749333318710327,1.706666692097982,1.663999963760375,1.62133333714803,1.578666710535686,1.535999982198079,1.493333355585734,1.450666728973389,1.407999898910521,1.365333272298176,1.322666645685831,1.280000019073486,1.237333392461142,1.194666562398273,1.151999935785928,1.109333309173584,1.066666682561239,1.024000055948894,0.9813332258860253,0.9386665992736806,0.8959999726613358,0.853333346048991,0.8106667194366463,0.7679998893737774,0.7253332627614326,0.6826666361490878,0.6400000095367431,0.5973333829243983,0.5546665528615297,0.5119999262491849,0.4693332996368401,0.4266666730244953,0.3840000464121506,0.341333216349282,0.2986665897369372,0.2559999631245924,0.2133333365122477,0.1706667098999029,0.1279998798370343,0.08533325322468954,0.04266662661234477,0],
    [0,0.746666677792867,1.493333355585734,2.240000089009603,2.986666711171468,3.733333333333333,3.679999987284342,3.626666673024495,3.573333326975504,3.519999980926514,3.466666666666667,3.413333320617676,3.359999974568685,3.306666628519694,3.253333346048991,3.2,3.146666653951009,3.093333307902018,3.039999961853027,2.986666679382324,2.933333333333334,2.879999923706055,2.826666641235351,2.773333358764648,2.71999994913737,2.666666666666667,2.613333257039388,2.559999974568685,2.506666692097982,2.453333282470703,2.4,2.346666590372721,2.293333307902018,2.240000025431315,2.186666615804036,2.133333333333333,2.079999923706055,2.026666641235352,1.973333358764648,1.91999994913737,1.866666666666667,1.813333384195964,1.759999847412109,1.706666564941406,1.653333282470703,1.6,1.546666717529297,1.493333180745443,1.43999989827474,1.386666615804037,1.333333333333333,1.28000005086263,1.226666514078776,1.173333231608073,1.11999994913737,1.066666666666667,1.013333384195964,0.9599998474121092,0.9066665649414061,0.8533332824707029,0.7999999999999998,0.7466667175292967,0.6933331807454426,0.6399998982747395,0.5866666158040363,0.5333333333333332,0.4800000508626301,0.426666514078776,0.3733332316080729,0.3199999491373697,0.2666666666666666,0.2133333841959635,0.1599998474121094,0.1066665649414062,0.05333328247070312,0],
    [0,0.7360000084241231,1.472000016848246,2.208000080108642,2.944000033696492,3.679999987284342,4.416000160217284,4.352000180562338,4.288000162760416,4.224000144958495,4.160000165303548,4.096000147501627,4.032000129699706,3.968000111897785,3.904000170389812,3.840000152587891,3.776000134785969,3.712000116984048,3.648000099182127,3.584000157674154,3.520000139872233,3.456000045776364,3.392000104268391,3.328000162760418,3.264000068664549,3.200000127156576,3.136000033060706,3.072000091552733,3.00800015004476,2.944000055948891,2.880000114440918,2.816000020345049,2.752000078837076,2.688000137329103,2.624000043233233,2.56000010172526,2.496000007629391,2.432000066121418,2.368000124613445,2.304000030517576,2.240000089009603,2.17600014750163,2.111999900817864,2.047999959309891,1.984000017801918,1.920000076293945,1.856000134785972,1.791999888102206,1.727999946594234,1.664000005086261,1.600000063578288,1.536000122070315,1.471999875386549,1.407999933878576,1.343999992370603,1.28000005086263,1.216000109354658,1.151999862670891,1.087999921162918,1.023999979654945,0.9600000381469724,0.8960000966389996,0.8319998499552335,0.7679999084472606,0.7039999669392878,0.640000025431315,0.5760000839233421,0.511999837239576,0.4479998957316031,0.3839999542236303,0.3200000127156575,0.2560000712076846,0.1919998245239185,0.1279998830159457,0.06399994150797284,0],
    [0,0.725333345413208,1.450666690826416,2.176000090281169,2.901333381652832,3.626666673024495,4.352000180562338,5.077333255767822,5.0026665725708,4.92799988937378,4.853333250681559,4.778666567484538,4.703999884287517,4.629333201090495,4.554666606903075,4.479999923706055,4.405333240509034,4.330666557312012,4.255999874114991,4.181333279927571,4.106666596730551,4.031999824523927,3.957333230336507,3.882666636149088,3.807999863942466,3.733333269755046,3.658666497548423,3.583999903361003,3.509333309173583,3.434666536966961,3.359999942779541,3.285333170572919,3.210666576385499,3.135999982198079,3.061333209991456,2.986666615804036,2.911999843597414,2.837333249409994,2.762666655222574,2.687999883015952,2.613333288828532,2.538666694641112,2.463999744415287,2.389333150227867,2.314666556040447,2.239999961853028,2.165333367665608,2.090666417439782,2.015999823252363,1.941333229064943,1.866666634877523,1.792000040690103,1.717333090464278,1.642666496276858,1.567999902089438,1.493333307902019,1.418666713714599,1.343999763488773,1.269333169301353,1.194666575113933,1.119999980926513,1.045333386739093,0.9706664365132684,0.8959998423258486,0.8213332481384288,0.746666653951009,0.6720000597635891,0.597333109537764,0.5226665153503441,0.4479999211629243,0.3733333269755045,0.2986667327880846,0.2239997825622595,0.1493331883748397,0.07466659418741983,0],
    [0,0.7146666760444641,1.429333352088928,2.144000081380208,2.858666704177856,3.573333326975504,4.288000162760416,5.0026665725708,5.717333408355713,5.632000053405761,5.546666749318441,5.461333394368489,5.376000039418538,5.290666684468587,5.205333431243897,5.120000076293945,5.034666721343994,4.949333366394042,4.864000011444091,4.778666758219401,4.69333340326945,4.607999946594236,4.522666693369547,4.437333440144857,4.351999983469645,4.266666730244955,4.181333273569741,4.096000020345051,4.010666767120362,3.925333310445148,3.840000057220459,3.754666600545245,3.669333347320556,3.584000094095866,3.498666637420653,3.413333384195964,3.32799992752075,3.242666674296061,3.157333421071371,3.071999964396158,2.986666711171468,2.901333457946778,2.815999797821041,2.730666544596352,2.645333291371662,2.560000038146973,2.474666784922283,2.389333124796546,2.303999871571857,2.218666618347167,2.133333365122478,2.048000111897788,1.962666451772051,1.877333198547361,1.791999945322672,1.706666692097982,1.621333438873293,1.535999778747555,1.450666525522865,1.365333272298176,1.280000019073486,1.194666765848797,1.109333105723059,1.02399985249837,0.9386665992736802,0.8533333460489907,0.7680000928243012,0.682666432698564,0.5973331794738744,0.5119999262491849,0.4266666730244953,0.3413334197998058,0.2559997596740686,0.1706665064493791,0.08533325322468954,0],
    [0,0.7040000066757202,1.40800001335144,2.112000072479248,2.816000026702881,3.519999980926514,4.224000144958495,4.92799988937378,5.632000053405761,6.336000217437743,6.240000247955322,6.14400022125244,6.048000194549559,5.952000167846677,5.856000255584718,5.760000228881836,5.664000202178954,5.568000175476072,5.472000148773191,5.376000236511231,5.28000020980835,5.184000068664545,5.088000156402586,4.992000244140627,4.896000102996823,4.800000190734864,4.704000049591059,4.6080001373291,4.51200022506714,4.416000083923336,4.320000171661377,4.224000030517573,4.128000118255613,4.032000205993654,3.93600006484985,3.840000152587891,3.744000011444086,3.648000099182127,3.552000186920168,3.456000045776364,3.360000133514404,3.264000221252445,3.167999851226796,3.071999938964836,2.976000026702877,2.880000114440918,2.784000202178959,2.68799983215331,2.591999919891351,2.496000007629391,2.400000095367432,2.304000183105473,2.207999813079824,2.111999900817864,2.015999988555905,1.920000076293946,1.824000164031987,1.727999794006337,1.631999881744377,1.535999969482418,1.440000057220459,1.3440001449585,1.24799977493285,1.151999862670891,1.055999950408932,0.9600000381469724,0.8640001258850132,0.767999755859364,0.6719998435974047,0.5759999313354455,0.4800000190734862,0.384000106811527,0.2879997367858778,0.1919998245239185,0.09599991226195925,0],
    [0,0.6933333436648051,1.38666668732961,2.080000082651774,2.773333374659221,3.466666666666667,4.160000165303548,4.853333250681559,5.546666749318441,6.240000247955322,6.933333333333334,6.826666641235351,6.71999994913737,6.613333257039388,6.506666692097982,6.4,6.293333307902018,6.186666615804036,6.079999923706055,5.973333358764648,5.866666666666667,5.759999847412109,5.653333282470703,5.546666717529297,5.43999989827474,5.333333333333334,5.226666514078776,5.11999994913737,5.013333384195963,4.906666564941406,4.8,4.693333180745443,4.586666615804036,4.48000005086263,4.373333231608073,4.266666666666667,4.159999847412109,4.053333282470703,3.946666717529297,3.83999989827474,3.733333333333333,3.626666768391927,3.519999694824219,3.413333129882813,3.306666564941406,3.2,3.093333435058594,2.986666361490886,2.879999796549479,2.773333231608073,2.666666666666667,2.560000101725261,2.453333028157552,2.346666463216146,2.23999989827474,2.133333333333334,2.026666768391927,1.919999694824218,1.813333129882812,1.706666564941406,1.6,1.493333435058593,1.386666361490885,1.279999796549479,1.173333231608073,1.066666666666666,0.9600001017252602,0.853333028157552,0.7466664632161457,0.6399998982747395,0.5333333333333332,0.426666768391927,0.3199996948242188,0.2133331298828125,0.1066665649414062,0],
    [0,0.6826666742960611,1.365333348592122,2.048000073750813,2.730666697184244,3.413333320617676,4.096000147501627,4.778666567484538,5.461333394368489,6.14400022125244,6.826666641235351,7.509333468119302,7.392000104268391,7.274666740417478,7.157333516438802,7.040000152587891,6.922666788736978,6.805333424886066,6.688000061035154,6.570666837056478,6.453333473205567,6.335999969482418,6.218666745503742,6.101333521525066,5.984000017801919,5.866666793823243,5.749333290100094,5.632000066121418,5.514666842142742,5.397333338419593,5.280000114440917,5.162666610717769,5.045333386739093,4.928000162760418,4.81066665903727,4.693333435058594,4.575999931335446,4.45866670735677,4.341333483378094,4.223999979654946,4.10666675567627,3.989333531697594,3.871999748229973,3.754666524251297,3.637333300272621,3.520000076293945,3.402666852315269,3.285333068847649,3.167999844868973,3.050666620890297,2.933333396911622,2.816000172932946,2.698666389465325,2.581333165486649,2.463999941507973,2.346666717529297,2.229333493550621,2.111999710083,1.994666486104324,1.877333262125648,1.760000038146972,1.642666814168296,1.525333030700676,1.407999806722,1.290666582743324,1.173333358764648,1.056000134785972,0.938666351318352,0.821333127339676,0.703999903361,0.5866666793823241,0.4693334554036481,0.3519996719360279,0.2346664479573519,0.117333223978676,0],
    [0,0.6720000049273173,1.344000009854635,2.016000064849853,2.688000019709269,3.359999974568685,4.032000129699706,4.703999884287517,5.376000039418538,6.048000194549559,6.71999994913737,7.392000104268391,8.064000259399412,7.93600022379557,7.808000340779624,7.680000305175781,7.552000269571939,7.424000233968096,7.296000198364254,7.168000315348309,7.040000279744467,6.912000091552727,6.784000208536781,6.656000325520836,6.528000137329097,6.400000254313151,6.272000066121412,6.144000183105466,6.01600030008952,5.888000111897782,5.760000228881836,5.632000040690097,5.504000157674152,5.376000274658206,5.248000086466466,5.120000203450521,4.992000015258782,4.864000132242836,4.73600024922689,4.608000061035152,4.480000178019206,4.35200029500326,4.223999801635728,4.095999918619782,3.968000035603836,3.840000152587891,3.712000269571945,3.583999776204413,3.455999893188467,3.328000010172521,3.200000127156576,3.07200024414063,2.943999750773098,2.815999867757152,2.687999984741206,2.560000101725261,2.432000218709315,2.303999725341782,2.175999842325836,2.047999959309891,1.920000076293945,1.792000193277999,1.663999699910467,1.535999816894521,1.407999933878576,1.28000005086263,1.152000167846684,1.023999674479152,0.8959997914632063,0.7679999084472606,0.640000025431315,0.5120001424153693,0.383999649047837,0.2559997660318913,0.1279998830159457,0],
    [0,0.6613333355585733,1.322666671117147,1.984000055948892,2.645333342234293,3.306666628519694,3.968000111897785,4.629333201090495,5.290666684468587,5.952000167846677,6.613333257039388,7.274666740417478,7.93600022379557,8.597333707173659,8.458667165120444,8.320000457763673,8.1813337504069,8.042667043050127,7.904000335693354,7.765333793640139,7.626667086283367,7.488000213623035,7.34933367156982,7.210667129516604,7.072000256856276,6.93333371480306,6.79466684214273,6.656000300089515,6.517333758036299,6.378666885375969,6.240000343322754,6.101333470662424,5.962666928609209,5.824000386555993,5.685333513895663,5.546666971842448,5.408000099182118,5.269333557128903,5.130667015075687,4.992000142415358,4.853333600362142,4.714667058308927,4.575999855041482,4.437333312988267,4.298666770935052,4.160000228881836,4.021333686828621,3.882666483561176,3.743999941507961,3.605333399454746,3.46666685740153,3.328000315348315,3.189333112080871,3.050666570027655,2.91200002797444,2.773333485921225,2.634666943868009,2.495999740600564,2.357333198547348,2.218666656494133,2.080000114440918,1.941333572387702,1.802666369120258,1.663999827067042,1.525333285013827,1.386666742960612,1.248000200907396,1.109332997639952,0.9706664555867366,0.8319999135335212,0.6933333714803058,0.5546668294270904,0.4159996261596461,0.2773330841064308,0.1386665420532154,0],
    [0,0.6506666789054871,1.301333357810974,1.952000085194906,2.602666715621949,3.253333346048991,3.904000170389812,4.554666606903075,5.205333431243897,5.856000255584718,6.506666692097982,7.157333516438802,7.808000340779624,8.458667165120444,9.109333213806151,8.95999984741211,8.810666481018067,8.661333114624023,8.511999748229982,8.362666559855143,8.213333193461102,8.063999649047854,7.914666460673015,7.765333272298175,7.615999727884931,7.466666539510092,7.317332995096845,7.167999806722006,7.018666618347166,6.869333073933921,6.719999885559082,6.570666341145837,6.421333152770997,6.271999964396158,6.122666419982912,5.973333231608073,5.823999687194828,5.674666498819988,5.525333310445149,5.375999766031904,5.226666577657064,5.077333389282225,4.927999488830574,4.778666300455734,4.629333112080895,4.479999923706055,4.330666735331215,4.181332834879565,4.031999646504725,3.882666458129886,3.733333269755046,3.584000081380206,3.434666180928556,3.285332992553716,3.135999804178877,2.986666615804037,2.837333427429197,2.687999526977546,2.538666338602706,2.389333150227866,2.239999961853027,2.090666773478187,1.941332873026537,1.791999684651697,1.642666496276858,1.493333307902018,1.344000119527178,1.194666219075528,1.045333030700688,0.8959998423258486,0.746666653951009,0.5973334655761693,0.447999565124519,0.2986663767496793,0.1493331883748397,0],
    [0,0.6400000095367432,1.280000019073486,1.920000076293945,2.560000038146973,3.2,3.840000152587891,4.479999923706055,5.120000076293945,5.760000228881836,6.4,7.040000152587891,7.680000305175781,8.320000457763673,8.95999984741211,9.600000000000001,9.439999961853028,9.279999923706054,9.119999885559082,8.960000038146973,8.800000000000001,8.639999771118163,8.479999923706053,8.320000076293944,8.159999847412109,8,7.839999771118164,7.679999923706054,7.520000076293945,7.359999847412109,7.199999999999999,7.039999771118164,6.879999923706055,6.720000076293945,6.55999984741211,6.4,6.239999771118164,6.079999923706055,5.920000076293945,5.759999847412109,5.6,5.44000015258789,5.279999542236329,5.119999694824219,4.95999984741211,4.800000000000001,4.640000152587891,4.479999542236328,4.319999694824219,4.159999847412109,4,3.840000152587891,3.679999542236329,3.519999694824219,3.35999984741211,3.200000000000001,3.040000152587891,2.879999542236328,2.719999694824218,2.559999847412109,2.399999999999999,2.24000015258789,2.079999542236328,1.919999694824218,1.759999847412109,1.6,1.44000015258789,1.279999542236328,1.119999694824219,0.9599998474121092,0.7999999999999998,0.6400001525878904,0.4799995422363281,0.3199996948242188,0.1599998474121094,0],
    [0,0.6293333401679992,1.258666680335998,1.888000067392985,2.517333360671997,3.146666653951009,3.776000134785969,4.405333240509034,5.034666721343994,5.664000202178954,6.293333307902018,6.922666788736978,7.552000269571939,8.1813337504069,8.810666481018067,9.439999961853028,10.06933344268799,9.898666732788085,9.728000022888182,9.557333516438803,9.3866668065389,9.215999893188473,9.045333386739093,8.874666880289714,8.703999966939289,8.53333346048991,8.362666547139481,8.192000040690102,8.021333534240723,7.850666620890297,7.680000114440918,7.509333201090491,7.338666694641112,7.168000188191733,6.997333274841306,6.826666768391927,6.6559998550415,6.485333348592121,6.314666842142742,6.143999928792315,5.973333422342936,5.802666915893557,5.631999595642083,5.461333089192704,5.290666582743325,5.120000076293945,4.949333569844566,4.778666249593092,4.607999743143713,4.437333236694334,4.266666730244955,4.096000223795576,3.925332903544101,3.754666397094722,3.583999890645343,3.413333384195964,3.242666877746585,3.07199955749511,2.90133305104573,2.730666544596351,2.560000038146972,2.389333531697593,2.218666211446119,2.04799970499674,1.87733319854736,1.706666692097981,1.536000185648602,1.365332865397128,1.194666358947749,1.02399985249837,0.8533333460489907,0.6826668395996116,0.5119995193481373,0.3413330128987582,0.1706665064493791,0],
    [0,0.6186666707992553,1.237333341598511,1.856000058492024,2.474666683197021,3.093333307902018,3.712000116984048,4.330666557312012,4.949333366394042,5.568000175476072,6.186666615804036,6.805333424886066,7.424000233968096,8.042667043050127,8.661333114624023,9.279999923706054,9.898666732788085,10.51733354187011,10.33600016021728,10.15466699473063,9.9733336130778,9.792000015258781,9.610666849772132,9.429333684285483,9.248000086466467,9.066666920979818,8.8853333231608,8.704000157674152,8.522666992187503,8.341333394368485,8.160000228881836,7.978666631062818,7.79733346557617,7.616000300089521,7.434666702270503,7.253333536783854,7.071999938964836,6.890666773478188,6.709333607991539,6.528000010172521,6.346666844685872,6.165333679199223,5.983999649047838,5.802666483561189,5.62133331807454,5.440000152587891,5.258666987101242,5.077332956949856,4.895999791463207,4.714666625976558,4.533333460489909,4.35200029500326,4.170666264851874,3.989333099365225,3.807999933878576,3.626666768391928,3.445333602905279,3.263999572753891,3.082666407267242,2.901333241780593,2.720000076293945,2.538666910807296,2.35733288065591,2.175999715169261,1.994666549682612,1.813333384195963,1.632000218709314,1.450666188557928,1.269333023071279,1.08799985758463,0.9066666920979816,0.7253335266113328,0.5439994964599464,0.3626663309732976,0.1813331654866488,0],
    [0,0.6080000014305114,1.216000002861023,1.824000049591064,2.432000005722045,3.039999961853027,3.648000099182127,4.255999874114991,4.864000011444091,5.472000148773191,6.079999923706055,6.688000061035154,7.296000198364254,7.904000335693354,8.511999748229982,9.119999885559082,9.728000022888182,10.33600016021728,10.94400029754638,10.75200047302246,10.5600004196167,10.36800013732909,10.17600031280517,9.984000488281254,9.792000205993647,9.600000381469728,9.408000099182118,9.216000274658199,9.024000450134281,8.832000167846672,8.640000343322754,8.448000061035145,8.256000236511227,8.064000411987308,7.8720001296997,7.680000305175781,7.488000022888173,7.296000198364254,7.104000373840336,6.912000091552727,6.720000267028809,6.52800044250489,6.335999702453591,6.143999877929673,5.952000053405754,5.760000228881836,5.568000404357917,5.37599966430662,5.183999839782701,4.992000015258783,4.800000190734864,4.608000366210946,4.415999626159647,4.223999801635729,4.03199997711181,3.840000152587892,3.648000328063973,3.455999588012673,3.263999763488755,3.071999938964836,2.880000114440918,2.688000289916999,2.4959995498657,2.303999725341782,2.111999900817863,1.920000076293945,1.728000251770026,1.535999511718728,1.343999687194809,1.151999862670891,0.9600000381469724,0.7680002136230539,0.5759994735717555,0.383999649047837,0.1919998245239185,0],
    [0,0.5973333447774252,1.19466668955485,1.792000078837077,2.389333379109701,2.986666679382324,3.584000157674154,4.181333279927571,4.778666758219401,5.376000236511231,5.973333358764648,6.570666837056478,7.168000315348309,7.765333793640139,8.362666559855143,8.960000038146973,9.557333516438803,10.15466699473063,10.75200047302246,11.34933323923747,11.14666652679444,10.94399957275391,10.74133310190837,10.53866663106282,10.3359996770223,10.13333320617676,9.930666252136234,9.727999781290691,9.525333310445149,9.322666356404625,9.119999885559082,8.917332931518558,8.714666460673016,8.511999989827473,8.309333035786949,8.106666564941406,7.903999610900883,7.70133314005534,7.498666669209797,7.295999715169273,7.09333324432373,6.890666773478188,6.687999336242683,6.48533286539714,6.282666394551597,6.079999923706055,5.877333452860512,5.674666015625008,5.471999544779465,5.269333073933923,5.06666660308838,4.864000132242837,4.661332695007332,4.45866622416179,4.255999753316247,4.053333282470704,3.850666811625161,3.647999374389655,3.445332903544112,3.242666432698569,3.039999961853026,2.837333491007484,2.634666053771979,2.431999582926437,2.229333112080894,2.026666641235351,1.824000170389808,1.621332733154304,1.418666262308761,1.215999791463218,1.013333320617676,0.8106668497721328,0.6079994125366284,0.4053329416910856,0.2026664708455428,0],
    [0,0.5866666754086812,1.173333350817362,1.760000069936117,2.346666701634725,2.933333333333334,3.520000139872233,4.106666596730551,4.69333340326945,5.28000020980835,5.866666666666667,6.453333473205567,7.040000279744467,7.626667086283367,8.213333193461102,8.800000000000001,9.3866668065389,9.9733336130778,10.5600004196167,11.14666652679444,11.73333333333333,11.51999969482422,11.30666656494141,11.09333343505859,10.87999979654948,10.66666666666667,10.45333302815755,10.23999989827474,10.02666676839193,9.813333129882812,9.6,9.386666361490885,9.173333231608073,8.96000010172526,8.746666463216146,8.533333333333333,8.319999694824219,8.106666564941406,7.893333435058594,7.679999796549479,7.466666666666667,7.253333536783854,7.039999389648438,6.826666259765625,6.613333129882813,6.4,6.186666870117188,5.973332722981771,5.759999593098959,5.546666463216146,5.333333333333334,5.120000203450521,4.906666056315105,4.693332926432292,4.47999979654948,4.266666666666667,4.053333536783855,3.839999389648437,3.626666259765624,3.413333129882812,3.199999999999999,2.986666870117187,2.77333272298177,2.559999593098958,2.346666463216145,2.133333333333333,1.92000020345052,1.706666056315104,1.493332926432291,1.279999796549479,1.066666666666666,0.8533335367838539,0.6399993896484375,0.426666259765625,0.2133331298828125,0],
    [0,0.5759999933242795,1.151999986648559,1.728000022888182,2.303999973297118,2.879999923706055,3.456000045776364,4.031999824523927,4.607999946594236,5.184000068664545,5.759999847412109,6.335999969482418,6.912000091552727,7.488000213623035,8.063999649047854,8.639999771118163,9.215999893188473,9.792000015258781,10.36800013732909,10.94399957275391,11.51999969482422,12.09600050354002,11.87200070190429,11.64800090026856,11.42400056457518,11.20000076293945,10.97600042724607,10.75200062561034,10.52800082397462,10.30400048828123,10.08000068664551,9.856000350952126,9.632000549316398,9.408000747680671,9.18400041198729,8.960000610351562,8.736000274658181,8.512000473022454,8.288000671386726,8.064000335693345,7.840000534057618,7.61600073242189,7.391999862670855,7.168000061035127,6.9440002593994,6.720000457763672,6.496000656127944,6.27199978637691,6.047999984741183,5.824000183105455,5.600000381469727,5.376000579834,5.151999710082965,4.927999908447237,4.70400010681151,4.480000305175782,4.256000503540054,4.031999633789018,3.80799983215329,3.584000030517563,3.360000228881835,3.136000427246108,2.911999557495073,2.687999755859345,2.463999954223618,2.24000015258789,2.016000350952162,1.791999481201128,1.5679996795654,1.343999877929673,1.120000076293945,0.8960002746582174,0.6719994049071829,0.4479996032714553,0.2239998016357276,0],
    [0,0.5653333366711933,1.130666673342387,1.696000052134195,2.261333346684773,2.826666641235351,3.392000104268391,3.957333230336507,4.522666693369547,5.088000156402586,5.653333282470703,6.218666745503742,6.784000208536781,7.34933367156982,7.914666460673015,8.479999923706053,9.045333386739093,9.610666849772132,10.17600031280517,10.74133310190837,11.30666656494141,11.87200070190429,12.43733349100748,12.20266704305013,11.96800003560384,11.73333358764649,11.49866658020019,11.26400013224284,11.02933368428548,10.79466667683919,10.56000022888183,10.32533322143554,10.09066677347819,9.856000325520835,9.621333318074539,9.386666870117187,9.151999862670891,8.917333414713539,8.682666966756187,8.447999959309891,8.213333511352539,7.978667063395187,7.743999496459947,7.509333048502595,7.274666600545243,7.040000152587891,6.805333704630539,6.570666137695299,6.335999689737947,6.101333241780595,5.866666793823243,5.632000345865891,5.39733277893065,5.162666330973298,4.927999883015946,4.693333435058594,4.458666987101243,4.223999420166001,3.989332972208648,3.754666524251296,3.520000076293945,3.285333628336593,3.050666061401352,2.815999613444,2.581333165486648,2.346666717529296,2.112000269571944,1.877332702636704,1.642666254679352,1.407999806722,1.173333358764648,0.9386669108072963,0.7039993438720558,0.4693328959147038,0.2346664479573519,0],
    [0,0.5546666800181071,1.109333360036214,1.664000081380209,2.218666720072429,2.773333358764648,3.328000162760418,3.882666636149088,4.437333440144857,4.992000244140627,5.546666717529297,6.101333521525066,6.656000325520836,7.210667129516604,7.765333272298175,8.320000076293944,8.874666880289714,9.429333684285483,9.984000488281254,10.53866663106282,11.09333343505859,11.64800090026856,12.20266704305013,12.7573331858317,12.51199950663249,12.26666641235352,12.0213327331543,11.77599963887533,11.53066654459635,11.28533286539714,11.03999977111816,10.79466609191895,10.54933299763998,10.303999903361,10.05866622416179,9.813333129882812,9.567999450683601,9.322666356404625,9.077333262125649,8.831999582926437,8.586666488647461,8.341333394368485,8.095999130249039,7.850666035970062,7.605332941691086,7.35999984741211,7.114666753133133,6.869332489013687,6.623999394734711,6.378666300455735,6.133333206176759,5.888000111897782,5.642665847778336,5.397332753499359,5.151999659220383,4.906666564941407,4.661333470662431,4.415999206542982,4.170666112264006,3.92533301798503,3.679999923706054,3.434666829427078,3.189332565307631,2.943999471028655,2.698666376749679,2.453333282470703,2.208000188191726,1.96266592407228,1.717332829793304,1.471999735514328,1.226666641235351,0.9813335469563751,0.7359992828369286,0.4906661885579524,0.2453330942789762,0],
    [0,0.5439999979337056,1.087999995867411,1.632000034332274,2.175999991734822,2.71999994913737,3.264000068664549,3.807999863942466,4.351999983469645,4.896000102996823,5.43999989827474,5.984000017801919,6.528000137329097,7.072000256856276,7.615999727884931,8.159999847412109,8.703999966939289,9.248000086466467,9.792000205993647,10.3359996770223,10.87999979654948,11.42400056457518,11.96800003560384,12.51199950663249,13.05600027465819,12.8000005086263,12.54400013224282,12.28800036621093,12.03200060017904,11.77600022379556,11.52000045776367,11.26400008138019,11.0080003153483,10.75200054931641,10.49600017293293,10.24000040690104,9.984000030517564,9.728000264485672,9.472000498453781,9.216000122070303,8.960000356038412,8.704000590006521,8.447999603271455,8.191999837239564,7.936000071207673,7.680000305175781,7.42400053914389,7.167999552408825,6.911999786376934,6.656000020345043,6.400000254313151,6.14400048828126,5.887999501546195,5.631999735514304,5.375999969482413,5.120000203450521,4.86400043741863,4.607999450683564,4.351999684651672,4.095999918619781,3.84000015258789,3.584000386555998,3.327999399820934,3.071999633789043,2.815999867757151,2.56000010172526,2.304000335693368,2.047999348958304,1.791999582926413,1.535999816894521,1.28000005086263,1.024000284830739,0.767999298095674,0.5119995320637827,0.2559997660318913,0],
    [0,0.5333333412806194,1.066666682561239,1.600000063578288,2.133333365122478,2.666666666666667,3.200000127156576,3.733333269755046,4.266666730244955,4.800000190734864,5.333333333333334,5.866666793823243,6.400000254313151,6.93333371480306,7.466666539510092,8,8.53333346048991,9.066666920979818,9.600000381469728,10.13333320617676,10.66666666666667,11.20000076293945,11.73333358764649,12.26666641235352,12.8000005086263,13.33333333333334,13.06666628519694,12.79999987284342,12.53333346048991,12.26666641235352,12,11.73333295186361,11.46666653951009,11.20000012715657,10.93333307902018,10.66666666666667,10.39999961853027,10.13333320617676,9.866666793823242,9.59999974568685,9.333333333333334,9.066666920979818,8.799999237060547,8.533332824707031,8.266666412353516,8,7.733333587646484,7.466665903727215,7.199999491373699,6.933333079020183,6.666666666666668,6.400000254313152,6.133332570393881,5.866666158040365,5.59999974568685,5.333333333333334,5.066666920979818,4.799999237060546,4.53333282470703,4.266666412353515,3.999999999999999,3.733333587646483,3.466665903727213,3.199999491373697,2.933333079020182,2.666666666666666,2.40000025431315,2.13333257039388,1.866666158040364,1.599999745686849,1.333333333333333,1.066666920979817,0.7999992370605469,0.5333328247070312,0.2666664123535156,0],
    [0,0.5226666591962176,1.045333318392435,1.568000016530353,2.09066663678487,2.613333257039388,3.136000033060706,3.658666497548423,4.181333273569741,4.704000049591059,5.226666514078776,5.749333290100094,6.272000066121412,6.79466684214273,7.317332995096845,7.839999771118164,8.362666547139481,8.8853333231608,9.408000099182118,9.930666252136234,10.45333302815755,10.97600042724607,11.49866658020019,12.0213327331543,12.54400013224282,13.06666628519694,13.58933368428546,13.31200060017903,13.0346675160726,12.75733377075194,12.48000068664551,12.20266694132485,11.92533385721842,11.64800077311199,11.37066702779133,11.0933339436849,10.81600019836424,10.53866711425781,10.26133403015137,9.984000284830715,9.706667200724285,9.429334116617854,9.151999710082965,8.874666625976534,8.597333541870103,8.320000457763673,8.042667373657242,7.765332967122353,7.487999883015922,7.210666798909491,6.93333371480306,6.65600063069663,6.378666224161742,6.101333140055311,5.82400005594888,5.546666971842449,5.269333887736019,4.991999481201128,4.714666397094697,4.437333312988266,4.160000228881835,3.882667144775404,3.605332738240516,3.327999654134085,3.050666570027654,2.773333485921223,2.496000401814793,2.218665995279904,1.941332911173473,1.663999827067042,1.386666742960612,1.109333658854181,0.8319992523192923,0.5546661682128615,0.2773330841064308,0],
    [0,0.5120000025431314,1.024000005086263,1.536000045776367,2.048000010172526,2.559999974568685,3.072000091552733,3.583999903361003,4.096000020345051,4.6080001373291,5.11999994913737,5.632000066121418,6.144000183105466,6.656000300089515,7.167999806722006,7.679999923706054,8.192000040690102,8.704000157674152,9.216000274658199,9.727999781290691,10.23999989827474,10.75200062561034,11.26400013224284,11.77599963887533,12.28800036621093,12.79999987284342,13.31200060017903,13.82400010681152,13.53600037638347,13.24799995930989,12.96000022888184,12.67199981180826,12.38400008138021,12.09600035095215,11.80799993387858,11.52000020345052,11.23199978637695,10.94400005594889,10.65600032552084,10.36799990844726,10.08000017801921,9.792000447591152,9.503999343872056,9.215999613444001,8.927999883015946,8.640000152587891,8.352000422159836,8.063999318440741,7.775999588012686,7.487999857584631,7.200000127156576,6.912000396728521,6.623999293009427,6.335999562581372,6.047999832153317,5.760000101725262,5.472000371297207,5.18399926757811,4.895999537150055,4.607999806722,4.320000076293945,4.03200034586589,3.743999242146795,3.45599951171874,3.167999781290685,2.88000005086263,2.592000320434575,2.30399921671548,2.015999486287425,1.72799975585937,1.440000025431315,1.15200029500326,0.8639991912841651,0.5759994608561101,0.287999730428055,0],
    [0,0.5013333458900452,1.00266669178009,1.50400007502238,2.005333383560181,2.506666692097982,3.00800015004476,3.509333309173583,4.010666767120362,4.51200022506714,5.013333384195963,5.514666842142742,6.01600030008952,6.517333758036299,7.018666618347166,7.520000076293945,8.021333534240723,8.522666992187503,9.024000450134281,9.525333310445149,10.02666676839193,10.52800082397462,11.02933368428548,11.53066654459635,12.03200060017904,12.53333346048991,13.0346675160726,13.53600037638347,14.03733323669433,13.73866614786784,13.43999977111816,13.14133268229167,12.84266630554199,12.54399992879232,12.24533283996582,11.94666646321615,11.64799937438966,11.34933299763998,11.0506666208903,10.75199953206381,10.45333315531413,10.15466677856445,9.855998977661148,9.557332600911469,9.258666224161789,8.95999984741211,8.661333470662431,8.36266566975913,8.06399929300945,7.765332916259771,7.466666539510092,7.168000162760412,6.869332361857112,6.570665985107433,6.271999608357754,5.973333231608074,5.674666854858395,5.375999053955091,5.077332677205412,4.778666300455733,4.479999923706053,4.181333546956374,3.882665746053074,3.583999369303394,3.285332992553715,2.986666615804036,2.688000239054356,2.389332438151056,2.090666061401377,1.791999684651697,1.493333307902018,1.194666931152339,0.895999130249038,0.5973327534993587,0.2986663767496793,0],
    [0,0.4906666638056436,0.9813333276112871,1.472000027974445,1.962666655222574,2.453333282470703,2.944000055948891,3.434666536966961,3.925333310445148,4.416000083923336,4.906666564941406,5.397333338419593,5.888000111897782,6.378666885375969,6.869333073933921,7.359999847412109,7.850666620890297,8.341333394368485,8.832000167846672,9.322666356404625,9.813333129882812,10.30400048828123,10.79466667683919,11.28533286539714,11.77600022379556,12.26666641235352,12.75733377075194,13.24799995930989,13.73866614786784,14.22933350626627,13.92000045776367,13.61066667175291,13.30133362325032,12.99200057474773,12.68266678873697,12.37333374023438,12.06399995422362,11.75466690572102,11.44533385721843,11.13600007120767,10.82666702270508,10.51733397420248,10.20799945068356,9.89866640218097,9.589333353678375,9.280000305175781,8.970667256673186,8.661332733154268,8.351999684651673,8.042666636149079,7.733333587646485,7.424000539143891,7.114666015624972,6.805332967122378,6.495999918619783,6.186666870117189,5.877333821614594,5.567999298095673,5.258666249593078,4.949333201090484,4.64000015258789,4.330667104085295,4.021332580566376,3.711999532063782,3.402666483561188,3.093333435058593,2.784000386555999,2.47466586303708,2.165332814534485,1.855999766031891,1.546666717529297,1.237333669026702,0.9279991455077834,0.6186660970051889,0.3093330485025945,0],
