[
    [
    [-0,-0,-0,-0,-0,-0,-0,-0,-0,-0,-0,-0,-0,-0,-0,-0,-0,-0,-0,-0,-0,-0,-0,-0,-0,-0,-0,-0,-0,-0,-0,-0,-0,-0,-0,-0,-0,-0,-0,-0,-0,-0,-0,-0,-0,-0,-0,-0,-0,-0,-0,-0,-0,-0,-0,-0,-0,-0,-0,-0,-0,-0,-0,-0,-0,-0,-0,-0,-0,-0,-0,-0,-0,-0,-0,-0],
    [-0,-0.0002949737743256225,-0.0005800091516127553,-0.0008532477523395431,-0.001114851116693052,-0.001364980886182092,-0.001603798730228516,-0.001831466040239452,-0.002048144687597965,-0.002253996133359345,-0.002449181864392932,-0.002633863713360718,-0.002808203160823011,-0.002972361806842465,-0.003126501073640929,-0.003270782928617519,-0.00340536878214659,-0.003530420234290794,-0.003646098885112787,-0.003752566213182242,-0.003849984072239413,-0.003938514030272028,-0.004018317386435728,-0.004089555961817905,-0.004152391495825702,-0.004206985288642172,-0.004253499200910562,-0.004292094610641372,-0.004322933237784862,-0.004346176728316737,-0.004361986571209352,-0.004370524442169496,-0.004371951900291282,-0.004366430574019955,-0.004354122025531883,-0.004335187913324512,-0.004309789747432385,-0.004278089248769016,-0.004240247963906741,-0.004196427380854698,-0.00414678930837121,-0.004091495248528281,-0.004030706498105597,-0.003964585236954514,-0.00389329278766874,-0.003816990749733003,-0.003735840722632031,-0.003650003885633801,-0.003559642657465926,-0.003464918239357566,-0.003365992230793449,-0.003263026231258302,-0.00315618132177261,-0.003045620121411812,-0.002931503729304734,-0.002813993744936106,-0.002693251767790654,-0.002569438799905583,-0.002442717622175729,-0.002313249250893803,-0.002181195285544532,-0.002046717325612643,-0.001909976313416275,-0.001771135153141236,-0.00163035479750833,-0.001487796846002284,-0.001343622898107827,-0.001197993855688247,-0.001051072707691891,-0.0009030203625318726,-0.000753998419692921,-0.0006041684786597635,-0.0004536914201050556,-0.00030273027921125,-0.0001514459393479888,-0],
    [-0,-0.0005800091516127553,-0.001148221506742757,-0.001694860308162666,-0.002218228636811936,-0.002718649775732268,-0.003196447063815529,-0.003651943283731492,-0.004085462178438931,-0.004497326669952104,-0.00488785973191337,-0.005257385029839355,-0.005606225524754354,-0.005934704416783676,-0.006243144550178373,-0.006531869860121968,-0.006801203167170522,-0.007051467671449345,-0.007282986573083742,-0.007496082829020423,-0.007691080147125178,-0.007868301663373463,-0.008028069975498634,-0.008170708726060757,-0.008296541394259406,-0.008405890579690116,-0.008499080004409954,-0.008576432423669345,-0.008638271277754095,-0.008684919859000899,-0.008716701144583901,-0.008733938486687244,-0.008736955002728588,-0.008726073949983704,-0.008701618453190615,-0.008663911828573644,-0.008613277096972443,-0.008550037699443479,-0.008474516729516697,-0.008387037163595666,-0.008287922618426462,-0.008177496098538375,-0.008056080198261345,-0.00792399927575695,-0.007781575976983173,-0.007629133500909471,-0.007466995046505297,-0.007295482973077176,-0.007114922116539197,-0.006925634880120248,-0.006727944462789784,-0.006522174063517263,-0.006308645845114218,-0.006087685044190392,-0.005859613859774008,-0.005624755490834522,-0.005383433136341389,-0.005135968801139585,-0.004882688045477649,-0.004623912902711568,-0.004359966571810796,-0.004091172251744789,-0.003817851827920393,-0.003540331107168086,-0.003258931995700044,-0.002973977692485723,-0.002685791396494579,-0.00239469491222376,-0.002101014216028817,-0.001805071125506552,-0.001507188839626419,-0.001207690557357875,-0.0009068980408167987,-0.0006051373588269583,-0.0003027302788982069,-0],
    [-0,-0.0008532477523395431,-0.001694860308162666,-0.002513202530768335,-0.003298659043141015,-0.004049694770065437,-0.00476679472001185,-0.005450443066635735,-0.006101125424868917,-0.00671932617750401,-0.007305529784775781,-0.007860221745452835,-0.008383886500842843,-0.008877008851145804,-0.009340073062268719,-0.009773565037962154,-0.01017796900859062,-0.01055376977435412,-0.01090145213545265,-0.01122150052683671,-0.01151440051128024,-0.01178063679275848,-0.01202069326643865,-0.01223505539713612,-0.01242420840462552,-0.01258863618638574,-0.01272882432744087,-0.01284525695875213,-0.01293841924172352,-0.01300879611583531,-0.01305687204493434,-0.01308313205923528,-0.01308806083295026,-0.01307214325296816,-0.01303586400737128,-0.01297970806858172,-0.01290415996979742,-0.01280970487068871,-0.01269682741252574,-0.01256601206088912,-0.01241774423898359,-0.01225250845457833,-0.01207078860110669,-0.01187307121197028,-0.01165984025804452,-0.01143158053779562,-0.01118877684968981,-0.01093191273462531,-0.01066147544263251,-0.01037794858049316,-0.01008181694667351,-0.009773565339639762,-0.00945367700554765,-0.009122639795471061,-0.008780937009890752,-0.008429053447272948,-0.008067473906083871,-0.007696681395529403,-0.007317164252141638,-0.006929405527892971,-0.006533890021249626,-0.006131102530677827,-0.005721525886226258,-0.005305648794299926,-0.00488395411615551,-0.004456926650259234,-0.004025051195077323,-0.003588810459293907,-0.003148693403601616,-0.00270518275633406,-0.002258763315957462,-0.001809919880938047,-0.00135913509638804,-0.0009068980617023988,-0.0004536914300843111,-0],
    [-0,-0.001114851116693052,-0.002218228636811936,-0.003298659043141015,-0.004344668501030524,-0.005346803578409207,-0.006303690954499033,-0.007215976193483694,-0.008084306782821876,-0.008909328565771526,-0.009691687488846792,-0.01043203088462206,-0.01113100467437537,-0.01178925525835732,-0.01240742832352888,-0.01298617174333937,-0.01352613115735978,-0.01402795296584073,-0.01449228356903283,-0.01491976887928836,-0.01531105631542117,-0.01566679214938218,-0.01598762157201469,-0.0162741918715211,-0.01652715000938284,-0.01674714117862643,-0.01693481282953054,-0.01709081046643149,-0.01721578097298316,-0.01731037093694121,-0.01737522630648938,-0.0174109937921605,-0.01741831962262536,-0.01739785031551775,-0.01735023212339602,-0.01727611167254424,-0.01717613501080628,-0.01705094901413052,-0.01690119987265912,-0.0167275335422815,-0.01653059725032526,-0.01631103700893125,-0.01606949801292391,-0.01580662896629728,-0.0155230751671319,-0.01521948301336666,-0.01489649890294048,-0.01455476756063095,-0.01419493864593716,-0.01381765697148143,-0.01342356893520267,-0.01301332093503979,-0.01258755730278041,-0.01214692849931493,-0.01169207892886433,-0.01122365498936752,-0.01074230307876342,-0.01024866721290653,-0.009743398499964823,-0.009227141012814827,-0.00870054114939545,-0.0081642453076456,-0.007618897264543526,-0.007065148621421078,-0.006503643196867161,-0.005935027388820685,-0.005359947595220562,-0.00477904743122564,-0.004192978837217921,-0.003602385454555557,-0.003007913681177458,-0.002410209915022536,-0.001809917686487098,-0.001207689120889584,-0.0006041677594142475,-0],
    [-0,-0.001364980886182092,-0.002718649775732268,-0.004049694770065437,-0.005346803578409207,-0.006598664406967787,-0.007795985609066356,-0.00893755413989184,-0.01002417936020035,-0.01105666857332989,-0.01203582921168869,-0.01296247044242752,-0.01383739966640945,-0.01466142488393572,-0.01543535320225068,-0.01615999446604356,-0.01683615572332125,-0.01746464497438498,-0.01804627021953597,-0.01858183884775774,-0.01907216013544516,-0.01951804192252484,-0.01992029069320446,-0.02027971556061457,-0.02059712522948455,-0.02087332618530627,-0.02110912774669527,-0.02130533678828066,-0.02146276191750737,-0.02158221137194758,-0.02166449258103965,-0.02171041393871686,-0.02172078322502635,-0.02169640858988801,-0.02163809785187731,-0.02154665928805808,-0.02142290046400236,-0.02126762996885431,-0.02108165554316925,-0.02086578463468653,-0.02062082627177433,-0.02034758797248634,-0.02004687623612033,-0.01971950193109825,-0.019366271685788,-0.01898799349760119,-0.0185854753639494,-0.01815952319657188,-0.01771094905827186,-0.0172405589705945,-0.0167491609309514,-0.01623756293675415,-0.01570657040850455,-0.01515699641074493,-0.0145896464545188,-0.01400532853723776,-0.01340485065631339,-0.01278901783733111,-0.01215864395393023,-0.01151453410297367,-0.01085749628187302,-0.01018833848803988,-0.009507865448464338,-0.008816891653240535,-0.00811622188137188,-0.007406664130269966,-0.006689026397346395,-0.005964113207317,-0.005232739474088617,-0.004495709755126206,-0.003753832047841369,-0.003007914349645703,-0.00225876107930187,-0.001507187381887244,-0.0007539976896494215,-0],
    [-0,-0.001603798730228516,-0.003196447063815529,-0.00476679472001185,-0.006303690954499033,-0.007795985609066356,-0.009232528708272344,-0.01060418859898568,-0.01190991651551827,-0.01315068122085469,-0.0143274516328638,-0.01544119875428414,-0.01649289146513039,-0.01748349936580255,-0.01841399098291327,-0.01928533813436637,-0.02009850927568953,-0.02085447400728277,-0.02155420192954607,-0.02219866190717908,-0.02278882507613238,-0.02332566084435642,-0.02381013698658166,-0.0242432244428415,-0.02462589366308787,-0.02495911242147321,-0.02524385190885102,-0.02548108036633845,-0.02567176812714612,-0.02581688508063727,-0.02591740013370022,-0.02597428336756969,-0.02598850410986452,-0.02596103214476523,-0.02589283685883904,-0.02578488817612482,-0.0256381551838238,-0.02545360818047125,-0.02523221645901021,-0.02497494896100454,-0.02468277651205837,-0.02435666813811276,-0.02399759164683973,-0.02360652006343181,-0.02318442135044517,-0.02273226510481226,-0.02225102092346555,-0.02174165590900679,-0.02120514451988608,-0.02064245399047229,-0.02005455391769788,-0.01944241389849528,-0.0188070004459813,-0.01814928922069302,-0.0174702468443973,-0.01677084291402658,-0.01605204702651332,-0.01531482522107464,-0.014560154129164,-0.01378899987553156,-0.01300233205710977,-0.01220112027083107,-0.01138633019759818,-0.0105589392086104,-0.009719913047186468,-0.008870221310258813,-0.008010833594759884,-0.007142715338863302,-0.006266844422343615,-0.005384186322673397,-0.004495710636785097,-0.00360238696161116,-0.002705180608181396,-0.001805069733675008,-0.0009030196653037274,-0],
    [-0,-0.001831466040239452,-0.003651943283731492,-0.005450443066635735,-0.007215976193483694,-0.00893755413989184,-0.01060418859898568,-0.0122048893142238,-0.01373068939588613,-0.01518069906878861,-0.01655604873558652,-0.01785787123566561,-0.01908729692751795,-0.02024545701154602,-0.02133348143247868,-0.0223525039836495,-0.02330365452685491,-0.02418806426249736,-0.02500686439097931,-0.02576118525146444,-0.02645215984167424,-0.0270809191374867,-0.02764859220059141,-0.02815631180013981,-0.02860521013352171,-0.02899641625883057,-0.02933106324368479,-0.02961028069096995,-0.02983520066187765,-0.0300069546997776,-0.03012667318428837,-0.03019548788847316,-0.03021452968280284,-0.0301849299879339,-0.03010781976064072,-0.02998433056721747,-0.02981559302102166,-0.02960273912525993,-0.02934689972747842,-0.02904920526528094,-0.02871078835678774,-0.02833277953804265,-0.02791630792961928,-0.02746250870413719,-0.02697251116286811,-0.02644744650216902,-0.0258884459183969,-0.02529663770954339,-0.02467315872036181,-0.02401913740257208,-0.02333570495253118,-0.02262399256659609,-0.02188512785502601,-0.02112024906500901,-0.02033048393356271,-0.01951696365704407,-0.01868081943181008,-0.01782317831523701,-0.01694517968724866,-0.01604795070500985,-0.01513262256487755,-0.01420032646320872,-0.01325218903934623,-0.0122893505362506,-0.01131293766608336,-0.01032408162520145,-0.009323913609961874,-0.00831355997652352,-0.007294161561184695,-0.00626684476595308,-0.005232740787185654,-0.004192980821239389,-0.00314869107593875,-0.002101012711220789,-0.001051071953788882,-0],
    [-0,-0.002048144687597965,-0.004085462178438931,-0.006101125424868917,-0.008084306782821876,-0.01002417936020035,-0.01190991651551827,-0.01373068939588613,-0.01547567297319585,-0.01713605893848158,-0.01871111917785399,-0.02020214836879097,-0.02161043834768401,-0.02293728191503433,-0.02418397043243478,-0.02535179967144219,-0.02644206089886945,-0.02745604691521777,-0.0283950505209884,-0.02926036352855679,-0.03005328080020884,-0.03077509487984639,-0.03142709611216874,-0.03201057909823889,-0.0325268377856779,-0.0329771625112224,-0.03336284822474616,-0.03368518588560539,-0.03394546928576606,-0.03414499162539768,-0.03428504475155135,-0.03436692213460913,-0.03439191618259616,-0.03436131995543829,-0.03427642598291034,-0.03413852746826412,-0.03394891655650373,-0.03370888695020954,-0.03341973105432407,-0.03308274080528436,-0.0326992106084292,-0.03227043251269852,-0.03179769695705755,-0.03128230125086164,-0.03072553603958819,-0.03012869411911505,-0.02949306828532001,-0.02881994803707468,-0.02811063259474443,-0.0273664116328903,-0.02658857794739011,-0.02577842433412168,-0.02493723950597666,-0.02406632428610301,-0.02316696753225914,-0.02224046204032286,-0.02128810060617199,-0.02031117131083193,-0.01931097627200585,-0.01828880368476319,-0.01724594634498177,-0.0161836970485394,-0.01510334339870897,-0.0140061884995214,-0.0128935200374709,-0.01176663080843528,-0.01062681360829237,-0.009475355716676242,-0.008313560915718136,-0.007142716537450738,-0.005964115377751871,-0.004779050232499357,-0.003588808211802205,-0.002394693467664506,-0.001197993131771164,-0],
    [-0,-0.002253996133359345,-0.004497326669952104,-0.00671932617750401,-0.008909328565771526,-0.01105666857332989,-0.01315068122085469,-0.01518069906878861,-0.01713605893848158,-0.01900609399589872,-0.0207821576075763,-0.02246368628987239,-0.02405213335630734,-0.02554895320748116,-0.02695559862030949,-0.02827352734765472,-0.02950419205980505,-0.03064904715736048,-0.03170954704092101,-0.03268714499453277,-0.0335832977481283,-0.03439945941363329,-0.03513708161413339,-0.03579762078568539,-0.03638253262922387,-0.03689326875396411,-0.03733128599819976,-0.03769803667159315,-0.03799497629996688,-0.03822355974337256,-0.03838524031012922,-0.03848147317410234,-0.03851371227470683,-0.03848341231422012,-0.03839202739849976,-0.03824101236159068,-0.03803182088630807,-0.03776590836844149,-0.03744472877341217,-0.03706973553957259,-0.03664238485331558,-0.03616413027955938,-0.03563642358182547,-0.03506072419387582,-0.03443848411155809,-0.03377115773027098,-0.03306019944541314,-0.03230705996290063,-0.0315132008663818,-0.03068007305942335,-0.02980913093742396,-0.0289018288957823,-0.02795961675618697,-0.02698395790541678,-0.02597630232813543,-0.02493810441974159,-0.02387081857563395,-0.02277589390665154,-0.02165479525594782,-0.0205089718626614,-0.01933987812219094,-0.01814896842993513,-0.01693769135926141,-0.015707512862942,-0.01445988160796833,-0.01319625198973908,-0.01191807840365292,-0.01062680905898367,-0.009323910671366379,-0.00801083150902329,-0.006689025967353075,-0.005359948441754407,-0.004025046950785383,-0.002685788626188039,-0.001343621510793354,-0],
    [-0,-0.002449181864392932,-0.00488785973191337,-0.007305529784775781,-0.009691687488846792,-0.01203582921168869,-0.0143274516328638,-0.01655604873558652,-0.01871111917785399,-0.0207821576075763,-0.02275865887301135,-0.02463214133238761,-0.02640219977825008,-0.02807045021120121,-0.02963850682164949,-0.03110798934713386,-0.03248051185958784,-0.03375769035961391,-0.0349411408478145,-0.03603247807807638,-0.03703332065134983,-0.03794528424748807,-0.03876998176266564,-0.0395090314713042,-0.04016405083102304,-0.04073665271648481,-0.04122845586124169,-0.04164107391823081,-0.04197612415050258,-0.04223522308136186,-0.04241998547336435,-0.04253202821069763,-0.04257296675713497,-0.04254441746067662,-0.04244799600663411,-0.04228531885281399,-0.04205800122668141,-0.04176766021020366,-0.04141591133265188,-0.04100436953766531,-0.04053465278565926,-0.04000837616090162,-0.039427152758309,-0.03879260412208319,-0.03810634360528103,-0.03736998720272574,-0.0365851509092405,-0.03575344664462488,-0.03487649834184318,-0.0339559181403068,-0.03299332203483894,-0.03199032602026279,-0.03094854103390299,-0.02986959301220209,-0.02875509307356817,-0.02760665721282442,-0.02642590142479404,-0.02521443585696889,-0.02397388806398546,-0.02270586833589068,-0.02141199266750772,-0.02009387705365979,-0.01875313104464811,-0.01739138342801885,-0.01601024385809988,-0.01461132832971439,-0.01319625283768559,-0.01176662652776621,-0.01032407903512778,-0.0088702195710213,-0.007406664130269966,-0.005935028707696973,-0.004456922237148721,-0.002973974816137809,-0.001487795405480503,-0],
    [-0,-0.002633863713360718,-0.005257385029839355,-0.007860221745452835,-0.01043203088462206,-0.01296247044242752,-0.01544119875428414,-0.01785787123566561,-0.02020214836879097,-0.02246368628987239,-0.02463214133238761,-0.02669717368265732,-0.02865045961634912,-0.03049175673341116,-0.03222284063591453,-0.03384549305002412,-0.0353614894474886,-0.03677260742900918,-0.0380806245952871,-0.03928731716821954,-0.04039446562372388,-0.04140384720967719,-0.0423172360896597,-0.04313641238040732,-0.04386315530017325,-0.04449923898145796,-0.04504644406087437,-0.04550654552702484,-0.04588132238413689,-0.04617255282271782,-0.04638201305195052,-0.04651148167414677,-0.04656273566982876,-0.04653755303666879,-0.04643771104338148,-0.04626498776392569,-0.04602115997821853,-0.0457080064467956,-0.04532730426672717,-0.04488082989088835,-0.04437036304610766,-0.0437976803399517,-0.04316455620653415,-0.04247277428518182,-0.0417241092939626,-0.04092033882722054,-0.0400632404792997,-0.03915458739168493,-0.03819616583134185,-0.03718974918132838,-0.03613711503598852,-0.03504004098966634,-0.03390029910312425,-0.03271967784715402,-0.03149994948170983,-0.03024289160113573,-0.02895028179977578,-0.0276238912695763,-0.02626551026134245,-0.02487691012383111,-0.02345986845138633,-0.02201616283835216,-0.02054756381976522,-0.01905586300263131,-0.01754283103641638,-0.01601024551546448,-0.01445988403411964,-0.01289351668241516,-0.01131293599974475,-0.009719912148189788,-0.008116222722094314,-0.006503645315802377,-0.00488394978625027,-0.003258929181406922,-0.001630353387875484,-0],
    [-0,-0.002808203160823011,-0.005606225524754354,-0.008383886500842843,-0.01113100467437537,-0.01383739966640945,-0.01649289146513039,-0.01908729692751795,-0.02161043834768401,-0.02405213335630734,-0.02640219977825008,-0.02865045961634912,-0.03078673063781841,-0.03280285203969259,-0.0346987408328332,-0.03647634073626927,-0.03813758861944546,-0.03968442368316179,-0.04111878512821826,-0.04244261064240343,-0.04365784258083991,-0.04476641975942856,-0.04577027760279821,-0.04667135807423704,-0.04747160215687034,-0.04817294523256017,-0.04877732984945639,-0.04928669232335041,-0.0497029734038849,-0.05002811295300778,-0.05026404861805284,-0.05041272072793234,-0.05047606777144117,-0.05045602940016174,-0.05035454447044993,-0.05017355266394066,-0.04991499232147918,-0.04958080387369325,-0.04917292598969034,-0.04869329663581957,-0.04814385729684639,-0.0475265461078743,-0.04684329885069025,-0.04609606124279356,-0.04528676937573944,-0.04441736244339279,-0.04348977963961851,-0.04250595533606299,-0.04146783811674073,-0.04037736261683231,-0.03923646803020264,-0.03804709355071659,-0.03681117237105064,-0.03553065547939323,-0.03420747628572094,-0.03284357398389867,-0.03144088776779131,-0.03000134988227593,-0.02852691325737382,-0.0270195103090281,-0.02548108023110367,-0.02391356221746542,-0.02231888779636163,-0.02069901137730525,-0.01905586461337653,-0.01739138669844038,-0.01570751682636168,-0.01400618603993051,-0.01228934976581029,-0.01055893912538901,-0.008816893312531569,-0.007065151521102855,-0.005305644539605317,-0.003540328349511701,-0.001771133771688297,-0],
    [-0,-0.002972361806842465,-0.005934704416783676,-0.008877008851145804,-0.01178925525835732,-0.01466142488393572,-0.01748349936580255,-0.02024545701154602,-0.02293728191503433,-0.02554895320748116,-0.02807045021120121,-0.03049175673341116,-0.03280285203969259,-0.03499371692642583,-0.037056349808692,-0.03899083640225454,-0.04079927497194246,-0.04248376631865453,-0.04404641124328956,-0.04548930889721578,-0.04681456351938438,-0.0480242754937201,-0.04912054149896516,-0.05010546534958352,-0.05098114979819592,-0.05174969146677916,-0.0524131948242669,-0.05297375750439275,-0.05343348200683798,-0.05379446986961453,-0.05405882016896026,-0.05422863496963473,-0.05430601425945869,-0.05429305934854809,-0.05419187068552351,-0.05400454955044903,-0.05373319585434495,-0.05337991168868433,-0.05294679729923523,-0.05243595217044422,-0.05184947953576687,-0.05118947906246694,-0.0504580478892515,-0.04965729379329875,-0.04878931424889803,-0.04785621004943511,-0.04686008198829569,-0.04580302567653456,-0.04468715199672139,-0.04351455684540633,-0.04228734101597514,-0.04100760530181354,-0.03967744403675883,-0.03829897070790255,-0.03687427988449047,-0.03540547235990832,-0.03389464892754186,-0.03234390289444569,-0.03075534985136361,-0.02913108329067181,-0.02747320400575603,-0.025783812790002,-0.0240650021741165,-0.02231888935162594,-0.02054756698847174,-0.01875313587803963,-0.01693769681371537,-0.01510334180029264,-0.01325218913321091,-0.01138633090241162,-0.009507867901280501,-0.007618900923203307,-0.005721521697495469,-0.003817849120639881,-0.001909974957012811,-0],
    [-0,-0.003126501073640929,-0.006243144550178373,-0.009340073062268719,-0.01240742832352888,-0.01543535320225068,-0.01841399098291327,-0.02133348143247868,-0.02418397043243478,-0.02695559862030949,-0.02963850682164949,-0.03222284063591453,-0.0346987408328332,-0.037056349808692,-0.03928580738235403,-0.04137928127609761,-0.04333701115391037,-0.0451612594165972,-0.04685428846496305,-0.04841835891125899,-0.04985573688308053,-0.05116868433218366,-0.05235945918371875,-0.05343032710814125,-0.05438355263238324,-0.05522139360832665,-0.05594611643551328,-0.05655998005540928,-0.05706524872255037,-0.05746418565582846,-0.05775905135017568,-0.05795210961602346,-0.05804562193000851,-0.05804185126559631,-0.05794305966848816,-0.05775151000696734,-0.05746946377205391,-0.05709918470585614,-0.05664293463561882,-0.05610297456870205,-0.05548156947704132,-0.05478098056487684,-0.0540034663376608,-0.05315129661202229,-0.05222673025480983,-0.05123202965873735,-0.05016945721651878,-0.04904126978844247,-0.04784974053540499,-0.04659712662515122,-0.04528569045039511,-0.04391769440385062,-0.04249539397034116,-0.04102106511563285,-0.03949696357806592,-0.03792535175035434,-0.03630849202521205,-0.0346486387816966,-0.03294807025104559,-0.03120904101189366,-0.02943381345695474,-0.02762464997894278,-0.02578380412084849,-0.02391355583998293,-0.02201615882497412,-0.02009387546853601,-0.01814896816338253,-0.01618368988613653,-0.01420032178078456,-0.01220111691564702,-0.01018833768343786,-0.008164246476871015,-0.006131095975900436,-0.004091167971790203,-0.002046715182252076,-0],
    [-0,-0.003270782928617519,-0.006531869860121968,-0.009773565037962154,-0.01298617174333937,-0.01615999446604356,-0.01928533813436637,-0.0223525039836495,-0.02535179967144219,-0.02827352734765472,-0.03110798934713386,-0.03384549305002412,-0.03647634073626927,-0.03899083640225454,-0.04137928127609761,-0.04363198505831761,-0.04574126882174512,-0.04770753656653073,-0.04953321229357815,-0.05122071807351681,-0.05277248192817351,-0.05419092737732806,-0.05547847358464026,-0.05663754808214396,-0.0576705771766694,-0.05857997993940791,-0.05936818471149043,-0.06003761173151995,-0.06059068701447345,-0.06102983546570957,-0.06135747898825915,-0.06157604314920627,-0.06168795090340812,-0.06169562689326645,-0.06160149476714987,-0.06140797897096554,-0.06111750258671388,-0.06073249099654309,-0.06025536761476127,-0.05968855497722862,-0.05903447978376538,-0.05829556478117476,-0.05747422985263437,-0.0565729068328415,-0.05559401599218412,-0.05453998132289702,-0.05341322681721501,-0.05221617059564011,-0.05095124807601342,-0.0496208777082547,-0.04822748348459875,-0.04677348939728038,-0.04526131209308921,-0.04369338999508372,-0.04207214002167868,-0.0403999861651089,-0.03867935241760918,-0.03691265424121999,-0.03510233248629071,-0.03325080282869437,-0.03136048926066579,-0.02943381577443974,-0.02747319693627076,-0.02548107544587271,-0.0234598660255401,-0.02141199266750772,-0.01933987936401037,-0.01724594007447983,-0.01513261877006804,-0.01300232950845417,-0.01085749628187302,-0.008700543082559379,-0.006533883552085533,-0.004359962355115015,-0.002181193173674905,-0],
    [-0,-0.00340536878214659,-0.006801203167170522,-0.01017796900859062,-0.01352613115735978,-0.01683615572332125,-0.02009850927568953,-0.02330365452685491,-0.02644206089886945,-0.02950419205980505,-0.03248051185958784,-0.0353614894474886,-0.03813758861944546,-0.04079927497194246,-0.04333701115391037,-0.04574126882174512,-0.04800251047093799,-0.05011322169872606,-0.05207396810535875,-0.05388733321695417,-0.0555559069553497,-0.05708227440834902,-0.05846901596945236,-0.05971872103805132,-0.06083397770665354,-0.06181736625420119,-0.06267147697497291,-0.06339889139315001,-0.06400219728992999,-0.06448398126291745,-0.06484682661168344,-0.06509332067152321,-0.06522604786395593,-0.06524759450609884,-0.06516054585476715,-0.06496748792193335,-0.06467100539213677,-0.06427368527600703,-0.06377811258069475,-0.06318687137633953,-0.06250255007908787,-0.06172773298408515,-0.06086500136379299,-0.0599169490478598,-0.05888615772177156,-0.05777521297728391,-0.0565867004061525,-0.05532319940065162,-0.05398730761244976,-0.05258160478520014,-0.0511086765106584,-0.0495711083805802,-0.04797147821527992,-0.04631238687199129,-0.04459641246076219,-0.04282614057334827,-0.04100415680150518,-0.03913303770181484,-0.03721538672062132,-0.03525378064259464,-0.03325080505949044,-0.03120904556306436,-0.02913107775439328,-0.02701950705247679,-0.02487690922483443,-0.02270586986322183,-0.02050897455939465,-0.01828879826715218,-0.01604794776169462,-0.01378899810161847,-0.01151453487867938,-0.009227143684633,-0.006929399134228471,-0.004623908742411721,-0.002313247167083682,-0],
    [-0,-0.003530420234290794,-0.007051467671449345,-0.01055376977435412,-0.01402795296584073,-0.01746464497438498,-0.02085447400728277,-0.02418806426249736,-0.02745604691521777,-0.03064904715736048,-0.03375769035961391,-0.03677260742900918,-0.03968442368316179,-0.04248376631865453,-0.0451612594165972,-0.04770753656653073,-0.05011322169872606,-0.05236894200976599,-0.0544673446969864,-0.05640915473815879,-0.05819712396129562,-0.05983399902222439,-0.0613225215350391,-0.06266544277265348,-0.06386551261941724,-0.06492547254969422,-0.06584807482323989,-0.06663606223748474,-0.06729218434601138,-0.06781918944483492,-0.06821982221773749,-0.06849683178055464,-0.06865296400913841,-0.06869096690148607,-0.06861358732902403,-0.06842357285746097,-0.06812366978620421,-0.06771662674203567,-0.06720519033111313,-0.06659210616402009,-0.06588012436090017,-0.06507199077140552,-0.06417044806961091,-0.06317825205545759,-0.06209814584185866,-0.06093287662009064,-0.05968519158143001,-0.05835783140225244,-0.05695355594339559,-0.05547510625457526,-0.05392522952706792,-0.05230667295215009,-0.05062217553598997,-0.04887450054533838,-0.04706638729420541,-0.04520058297386754,-0.04327983477560126,-0.04130688036285905,-0.03928448575332149,-0.03721538885278465,-0.03510233685252501,-0.03294807694381908,-0.03075534577489519,-0.02852691145938045,-0.02626551082234852,-0.0239738910550759,-0.02165479934883907,-0.01931097166413396,-0.0169451775555508,-0.01456015309493255,-0.01215864547355572,-0.009743401882696779,-0.007317157922610858,-0.004882683933868058,-0.002442715562572275,-0],
    [-0,-0.003646098885112787,-0.007282986573083742,-0.01090145213545265,-0.01449228356903283,-0.01804627021953597,-0.02155420192954607,-0.02500686439097931,-0.0283950505209884,-0.03170954704092101,-0.0349411408478145,-0.0380806245952871,-0.04111878512821826,-0.04404641124328956,-0.04685428846496305,-0.04953321229357815,-0.05207396810535875,-0.0544673446969864,-0.05670413086514269,-0.05877713303371836,-0.06068724494269773,-0.06243737481593214,-0.0640304254782845,-0.06546931008274065,-0.06675694031204205,-0.06789621882287469,-0.06889005985357044,-0.06974136746170936,-0.07045305297980899,-0.07102802640884476,-0.07146919380371024,-0.07177946607388093,-0.07196175053644206,-0.07201895687682081,-0.07195399358760454,-0.07176976977513852,-0.07146919336679775,-0.07105517459241675,-0.07053062166371027,-0.06989844173825555,-0.06916154662709367,-0.06832284374093345,-0.06738523716856235,-0.06635164465401519,-0.06522497075073191,-0.06400812424950984,-0.06270401394114632,-0.06131554179921802,-0.05984562986753251,-0.05829718051496778,-0.05667310253232116,-0.05497630471039,-0.05320968725429604,-0.05137617581410782,-0.04947867092089728,-0.04752008136546178,-0.04550331593859863,-0.04343127342373054,-0.04130688238367525,-0.03913304185845458,-0.03691266063886582,-0.03464864751570635,-0.03234390019745565,-0.03000134946616897,-0.02762389321757379,-0.02521444024246745,-0.0227758993316473,-0.02031116746540552,-0.01782317695152309,-0.01531482488818907,-0.0127890200662008,-0.01024867127635562,-0.007696675117514293,-0.005135964729671762,-0.002569436760234551,-0],
    [-0,-0.003752566213182242,-0.007496082829020423,-0.01122150052683671,-0.01491976887928836,-0.01858183884775774,-0.02219866190717908,-0.02576118525146444,-0.02926036352855679,-0.03268714499453277,-0.03603247807807638,-0.03928731716821954,-0.04244261064240343,-0.04548930889721578,-0.04841835891125899,-0.05122071807351681,-0.05388733321695417,-0.05640915473815879,-0.05877713303371836,-0.06098221597224204,-0.063017379217393,-0.06488367256732484,-0.06658416004707453,-0.06812191669644212,-0.06950001600330309,-0.0707215217926032,-0.07178951029492786,-0.07270704681394423,-0.073477204467847,-0.07410305496931431,-0.07458766573028858,-0.0749341094675626,-0.07514545492539212,-0.07522477348337656,-0.07517513526200673,-0.07499961089420164,-0.07470126994898152,-0.07428318424517068,-0.07374842360678327,-0.0731000567451328,-0.07234115714809486,-0.07147479379417736,-0.07050403220055837,-0.06943195202743277,-0.06826161928244502,-0.0669961043557207,-0.06563847763738533,-0.06419180241189457,-0.06265916287809205,-0.06104362273769589,-0.05934825238083166,-0.05757612219762489,-0.0557302936058289,-0.05381385461089595,-0.05182986697463787,-0.04978140108718021,-0.04767152733864853,-0.04550330564611387,-0.04327982708959696,-0.04100415185702343,-0.03867935033851884,-0.03630849292420873,-0.03389463839650195,-0.03144088017794757,-0.02895027724860508,-0.02642589999860003,-0.02387081881805796,-0.02128809172074563,-0.01868081373970026,-0.01605204301313528,-0.01340484993117625,-0.01074230488394872,-0.008067465482597378,-0.005383427638607496,-0.002693249014366521,-0],
    [-0,-0.003849984072239413,-0.007691080147125178,-0.01151440051128024,-0.01531105631542117,-0.01907216013544516,-0.02278882507613238,-0.02645215984167424,-0.03005328080020884,-0.0335832977481283,-0.03703332065134983,-0.04039446562372388,-0.04365784258083991,-0.04681456351938438,-0.04985573688308053,-0.05277248192817351,-0.0555559069553497,-0.05819712396129562,-0.06068724494269773,-0.063017379217393,-0.0651786443463757,-0.06716417171448319,-0.06897516653538505,-0.0706148657432089,-0.07208650463847759,-0.07339330819994784,-0.07453851466529263,-0.07552535056981757,-0.07635705082490782,-0.0770368488624574,-0.07756797343700909,-0.07795365908750668,-0.07819713597092807,-0.07830163716855809,-0.07827039443630408,-0.07810663991921055,-0.07781360484277643,-0.07739452260036762,-0.07685262463581079,-0.07619114122166866,-0.07541330750820328,-0.07452235404923471,-0.07352150780516478,-0.07241401032325986,-0.07120308908020227,-0.06989197606563841,-0.06848390326921465,-0.06698209530109871,-0.06538979848608203,-0.06371023787355599,-0.06194664545316699,-0.0601022532145614,-0.05818028380295711,-0.05618398755010204,-0.05411658746338091,-0.05198131553244013,-0.04978140374692609,-0.04752007317239108,-0.04520057737697096,-0.0428261377113281,-0.0403999861651089,-0.03792535472795976,-0.03540546327105171,-0.0328435678283399,-0.03024288847904867,-0.02760665721282442,-0.02493810601931353,-0.02224045396059008,-0.01951695876585995,-0.0167708396281937,-0.01400532853723776,-0.01122365748263849,-0.008429045102657285,-0.00562475005118218,-0.002813991020414288,-0],
    [-0,-0.003938514030272028,-0.007868301663373463,-0.01178063679275848,-0.01566679214938218,-0.01951804192252484,-0.02332566084435642,-0.0270809191374867,-0.03077509487984639,-0.03439945941363329,-0.03794528424748807,-0.04140384720967719,-0.04476641975942856,-0.0480242754937201,-0.05116868433218366,-0.05419092737732806,-0.05708227440834902,-0.05983399902222439,-0.06243737481593214,-0.06488367256732484,-0.06716417171448319,-0.06927014524582843,-0.07119487954281299,-0.07293975343381362,-0.07450816403989909,-0.0759034974784179,-0.07712915400973502,-0.07818852138557539,-0.07908499631841315,-0.07982197396725671,-0.08040284441403013,-0.08083100403543253,-0.08110984438594497,-0.08124276025643616,-0.08123314504612834,-0.08108439239697265,-0.08079989520655088,-0.0803830484275517,-0.07983724513151262,-0.07916587716014396,-0.07837234131087548,-0.07746002972073766,-0.07643233080896007,-0.07529264797925068,-0.07404437019293354,-0.07269089103936853,-0.07123560410791552,-0.06968189535005805,-0.06803317318590575,-0.06629282402812704,-0.06446424146608179,-0.06255081908912988,-0.06055594078555734,-0.05848301918277843,-0.05633543854935442,-0.05411659247464522,-0.05182987454801069,-0.04947866699908791,-0.04706638585349867,-0.04459641364024568,-0.04207214394868879,-0.03949697036818792,-0.03687427387427972,-0.03420747308169644,-0.03149994918443073,-0.02875509577184247,-0.02597630643329155,-0.02316696129476274,-0.02033048075100171,-0.01747024506553957,-0.01458964782773622,-0.01169208262695154,-0.008780929144166946,-0.005859608745044437,-0.002931501167202161,-0],
    [-0,-0.004018317386435728,-0.008028069975498634,-0.01202069326643865,-0.01598762157201469,-0.01992029069320446,-0.02381013698658166,-0.02764859220059141,-0.03142709611216874,-0.03513708161413339,-0.03876998176266564,-0.0423172360896597,-0.04577027760279821,-0.04912054149896516,-0.05235945918371875,-0.05547847358464026,-0.05846901596945236,-0.0613225215350391,-0.0640304254782845,-0.06658416004707453,-0.06897516653538505,-0.07119487954281299,-0.07323472664445252,-0.07508816856115125,-0.07675674424870001,-0.07824400094647294,-0.07955350095332266,-0.0806887932208271,-0.08165343627025469,-0.08245098699543346,-0.08308499678910235,-0.08355902388151175,-0.08387662120807923,-0.08404134527696278,-0.08405675113840508,-0.083926393914697,-0.08365382819129957,-0.0832426104636572,-0.08269629543872384,-0.08201843653506312,-0.08121259218070521,-0.0802823161035968,-0.07923115819759204,-0.07806268369009085,-0.07678044304285592,-0.07538799144457529,-0.0738888840839371,-0.07228666826953788,-0.07058491448405524,-0.06878717051923176,-0.06689699156375555,-0.06491793280631468,-0.06285353939406084,-0.06070738621732385,-0.05848301882163897,-0.05618399239569426,-0.05381386212817785,-0.05137617142860924,-0.04887449874734501,-0.04631238780752583,-0.04369339379783976,-0.04102107190697491,-0.03829896423063137,-0.03553065193156704,-0.03271967733434067,-0.02986959562764035,-0.02698396200015418,-0.02406631765757554,-0.02112024562743822,-0.01814928725953179,-0.01515699774254433,-0.01214693226516395,-0.00912263156689007,-0.006087679692406865,-0.003045617440547478,-0],
    [-0,-0.004089555961817905,-0.008170708726060757,-0.01223505539713612,-0.0162741918715211,-0.02027971556061457,-0.0242432244428415,-0.02815631180013981,-0.03201057909823889,-0.03579762078568539,-0.0395090314713042,-0.04313641238040732,-0.04667135807423704,-0.05010546534958352,-0.05343032710814125,-0.05663754808214396,-0.05971872103805132,-0.06266544277265348,-0.06546931008274065,-0.06812191669644212,-0.0706148657432089,-0.07293975343381362,-0.07508816856115125,-0.07705171369870716,-0.07882400966488354,-0.08040674481059866,-0.08180364349014531,-0.08301841583800194,-0.08405478219270741,-0.08491646119138578,-0.08560716552063817,-0.08613061528121893,-0.08649052477252955,-0.08669061222849353,-0.08673459435885028,-0.0866261877492779,-0.08636910869006914,-0.08596707520247168,-0.08542380363733212,-0.08474300899854369,-0.08392841132778445,-0.08298372595239352,-0.08191266425780216,-0.08071895326119727,-0.07940630494173262,-0.07797843608742448,-0.07643906348628918,-0.07479189582098879,-0.07304066560286387,-0.07118908201968374,-0.06924086185946465,-0.06719972191022291,-0.06506936859492836,-0.06285353903292137,-0.06055594006366369,-0.05818028847517159,-0.05573030105546137,-0.0532096824108875,-0.05062217338263639,-0.04797147890493911,-0.04526131576581195,-0.0424954007532712,-0.03967743710013288,-0.0368111684832756,-0.03390029837477666,-0.03094854356265237,-0.02795962083491903,-0.02493723249393114,-0.02188512416610562,-0.01880699830444298,-0.01570657169695951,-0.01258756113167151,-0.009453668423548925,-0.006308640262393112,-0.003156178525204705,-0],
    [-0,-0.004152391495825702,-0.008296541394259406,-0.01242420840462552,-0.01652715000938284,-0.02059712522948455,-0.02462589366308787,-0.02860521013352171,-0.0325268377856779,-0.03638253262922387,-0.04016405083102304,-0.04386315530017325,-0.04747160215687034,-0.05098114979819592,-0.05438355263238324,-0.0576705771766694,-0.06083397770665354,-0.06386551261941724,-0.06675694031204205,-0.06950001600330309,-0.07208650463847759,-0.07450816403989909,-0.07675674424870001,-0.07882400966488354,-0.08070172295929759,-0.08238365358203051,-0.08387166795294754,-0.08516963737208882,-0.08628144400451107,-0.08721096823988145,-0.08796208404132481,-0.08853867339820842,-0.08894461195657935,-0.08918377968537373,-0.08926005496307472,-0.08917731582140945,-0.08893944027361107,-0.08855030784939248,-0.08801379655273991,-0.08733378298212298,-0.08651414877552988,-0.08555877086893898,-0.0844715221574668,-0.08325629141302668,-0.0819169521502717,-0.08045738275693168,-0.07888146162073638,-0.07719305881652129,-0.07539606884923,-0.07349436232076643,-0.07149181761886035,-0.06939231313124153,-0.06719971657480556,-0.064917927262844,-0.06255081334685268,-0.0601022532145614,-0.05757612525369995,-0.05497629528556512,-0.05230666650711415,-0.04957110508177598,-0.04677348939728038,-0.04391769784135715,-0.04100759480204551,-0.038047086435286,-0.03504003737878184,-0.03199032602026279,-0.02890183074745865,-0.02577841497749224,-0.02262398690060507,-0.01944241009111578,-0.01623756293675415,-0.01301332382524999,-0.009773555665150847,-0.006522167756316876,-0.003263023072023331,-0],
    [-0,-0.004206985288642172,-0.008405890579690116,-0.01258863618638574,-0.01674714117862643,-0.02087332618530627,-0.02495911242147321,-0.02899641625883057,-0.0329771625112224,-0.03689326875396411,-0.04073665271648481,-0.04449923898145796,-0.04817294523256017,-0.05174969146677916,-0.05522139360832665,-0.05857997993940791,-0.06181736625420119,-0.06492547254969422,-0.06789621882287469,-0.0707215217926032,-0.07339330819994784,-0.0759034974784179,-0.07824400094647294,-0.08040674481059866,-0.08238365358203051,-0.08416663784397688,-0.08574964609049944,-0.08713469077479317,-0.08832581589729353,-0.0893270636090721,-0.09014246913089924,-0.09077607635886278,-0.09123192226677709,-0.09151404856745216,-0.0916264953169762,-0.09157330197424686,-0.09135850829354578,-0.09098615529417232,-0.09046028264211381,-0.08978492853927775,-0.08896413620108357,-0.08800194418101039,-0.08690238690196857,-0.08566951485322498,-0.08430736310304056,-0.08281997163847325,-0.08121138044658111,-0.07948562101248177,-0.07764674979734848,-0.07569879883532848,-0.07364580811347977,-0.07149181761886035,-0.06924085638040058,-0.06689698586796927,-0.06446423556320542,-0.06194664545316699,-0.05934825552491198,-0.05667309283278883,-0.05392522289215123,-0.0511086731137352,-0.04822748348459875,-0.04528569399179987,-0.04228733019671041,-0.03923646069695819,-0.03613711131398171,-0.03299332203483894,-0.02980913284658789,-0.02658856829922917,-0.02333569910945404,-0.02005454999100879,-0.0167491609309514,-0.01342357191633987,-0.01008180696740896,-0.006727937956702628,-0.00336598897188031,-0],
