[
    [
    [0,0,0,0,0,0,0,0,0,0,0,0,0,0,0,0,0,0,0,0,0,0,0,0,0,0,0,0,0,0,0],
    [0,0.8055555370118883,0.7777777605586582,0.7499999821186066,0.7222222076521979,0.6944444331857892,0.6666666507720947,0.6388888842529719,0.6111111018392773,0.5833333194255829,0.55555555290646,0.527777786387337,0.499999988079071,0.4722222215599482,0.4444444550408253,0.4166666567325592,0.3888888902134363,0.3611111236943134,0.3333333253860474,0.3055555588669245,0.2777777923478015,0.2499999940395356,0.2222222593095557,0.1944444610012897,0.1666666626930236,0.1388889279630439,0.1111111296547779,0.08333333134651182,0.05555559661653205,0.02777779830826607,0],
    [0,0.7777777605586582,1.555555521117316,1.499999964237213,1.444444415304396,1.388888866371578,1.333333301544189,1.277777768505944,1.222222203678555,1.166666638851166,1.11111110581292,1.055555572774674,0.9999999761581421,0.9444444431198964,0.8888889100816506,0.8333333134651184,0.7777777804268725,0.7222222473886267,0.6666666507720947,0.611111117733849,0.5555555846956031,0.4999999880790711,0.4444445186191114,0.3888889220025795,0.3333333253860473,0.2777778559260877,0.2222222593095558,0.1666666626930236,0.1111111932330641,0.05555559661653214,0],
    [0,0.7499999821186066,1.499999964237213,2.25,2.166666674613952,2.083333349227905,2,1.916666698455811,1.833333349227905,1.75,1.66666669845581,1.583333396911621,1.5,1.416666698455811,1.333333396911621,1.25,1.166666698455811,1.083333396911621,1,0.9166666984558105,0.833333396911621,0.7500000000000001,0.666666793823242,0.5833333969116211,0.4999999999999999,0.4166667938232421,0.3333333969116212,0.2499999999999999,0.1666667938232422,0.08333339691162123,0],
    [0,0.7222222076521979,1.444444415304396,2.166666674613952,2.888888830608792,2.777777732743157,2.666666603088379,2.555555537011887,2.444444407357109,2.333333277702331,2.22222221162584,2.111111145549348,1.999999952316284,1.888888886239793,1.777777820163301,1.666666626930237,1.555555560853745,1.444444494777253,1.333333301544189,1.222222235467698,1.111111169391206,0.9999999761581423,0.8888890372382228,0.7777778440051589,0.6666666507720945,0.5555557118521754,0.4444445186191116,0.3333333253860473,0.2222223864661282,0.1111111932330643,0],
    [0,0.6944444331857892,1.388888866371578,2.083333349227905,2.777777732743157,3.472222116258408,3.333333206176758,3.194444375567964,3.055555465486314,2.916666555404663,2.777777724795869,2.638888894187075,2.499999904632568,2.361111074023775,2.222222243414981,2.083333253860474,1.94444442325168,1.805555592642886,1.666666603088379,1.527777772479585,1.388888941870791,1.249999952316284,1.111111280653204,0.9722222910986966,0.8333333015441893,0.6944446298811089,0.555555640326602,0.4166666507720946,0.2777779791090143,0.1388889895545073,0],
    [0,0.6666666507720947,1.333333301544189,2,2.666666603088379,3.333333206176758,4,3.833333396911621,3.666666698455811,3.5,3.333333396911621,3.166666793823242,3,2.833333396911621,2.666666793823242,2.5,2.333333396911621,2.166666793823242,2,1.833333396911621,1.666666793823242,1.5,1.333333587646484,1.166666793823242,0.9999999999999998,0.8333335876464842,0.6666667938232423,0.4999999999999999,0.3333335876464844,0.1666667938232425,0],
    [0,0.6388888842529719,1.277777768505944,1.916666698455811,2.555555537011887,3.194444375567964,3.833333396911621,4.472222052680118,4.277777581744722,4.083333110809326,3.888888751135928,3.694444391462529,3.499999809265137,3.305555449591739,3.111111089918341,2.916666507720947,2.722222148047549,2.527777788374151,2.333333206176758,2.13888884650336,1.944444486829962,1.749999904632569,1.555555767483165,1.361111185285772,1.166666603088379,0.9722224659389757,0.7777778837415829,0.5833333015441893,0.3888891643947863,0.1944445821973935,0],
    [0,0.6111111018392773,1.222222203678555,1.833333349227905,2.444444407357109,3.055555465486314,3.666666698455811,4.277777581744722,4.888888814714218,4.666666555404663,4.44444442325168,4.222222291098696,3.999999904632568,3.777777772479586,3.555555640326602,3.333333253860474,3.11111112170749,2.888888989554507,2.666666603088379,2.444444470935396,2.222222338782412,1.999999952316285,1.777778074476446,1.555555688010318,1.333333301544189,1.111111423704351,0.8888890372382232,0.6666666507720945,0.4444447729322564,0.2222223864661286,0],
    [0,0.5833333194255829,1.166666638851166,1.75,2.333333277702331,2.916666555404663,3.5,4.083333110809326,4.666666555404663,5.25,5.000000095367431,4.750000190734863,4.5,4.250000095367432,4.000000190734863,3.75,3.500000095367431,3.250000190734863,3,2.750000095367432,2.500000190734863,2.25,2.000000381469726,1.750000190734863,1.5,1.250000381469726,1.000000190734863,0.7499999999999998,0.5000003814697265,0.2500001907348637,0],
    [0,0.55555555290646,1.11111110581292,1.66666669845581,2.22222221162584,2.777777724795869,3.333333396911621,3.888888751135928,4.44444442325168,5.000000095367431,5.555555449591738,5.27777778837415,4.999999809265137,4.72222214804755,4.444444486829962,4.166666507720947,3.88888884650336,3.611111185285772,3.333333206176758,3.05555554495917,2.777777883741583,2.499999904632569,2.222222561306407,1.944444582197393,1.666666603088379,1.388889259762218,1.111111280653204,0.8333333015441893,0.5555559582180285,0.2777779791090147,0],
    [0,0.527777786387337,1.055555572774674,1.583333396911621,2.111111145549348,2.638888894187075,3.166666793823242,3.694444391462529,4.222222291098696,4.750000190734863,5.27777778837415,5.805555386013438,5.499999618530273,5.194444200727667,4.88888878292506,4.583333015441895,4.277777597639288,3.972222179836681,3.666666412353516,3.361110994550909,3.055555576748302,2.749999809265137,2.444444741143088,2.138888973659923,1.833333206176757,1.527778138054709,1.222222370571544,0.9166666030883787,0.6111115349663304,0.3055557674831658,0],
    [0,0.499999988079071,0.9999999761581421,1.5,1.999999952316284,2.499999904632568,3,3.499999809265137,3.999999904632568,4.5,4.999999809265137,5.499999618530273,6,5.666666793823243,5.333333587646485,5,4.666666793823242,4.333333587646484,4,3.666666793823242,3.333333587646484,3,2.666667175292968,2.333333587646484,2,1.666667175292968,1.333333587646485,0.9999999999999998,0.6666671752929687,0.3333335876464849,0],
    [0,0.4722222215599482,0.9444444431198964,1.416666698455811,1.888888886239793,2.361111074023775,2.833333396911621,3.305555449591739,3.777777772479586,4.250000095367432,4.72222214804755,5.194444200727667,5.666666793823243,6.13888884650336,5.777777883741583,5.416666507720947,5.05555554495917,4.694444582197392,4.333333206176758,3.972222243414981,3.611111280653204,3.249999904632569,2.888889355129649,2.527777979109014,2.166666603088379,1.80555605358546,1.444444677564825,1.083333301544189,0.7222227520412706,0.3611113760206359,0],
    [0,0.4444444550408253,0.8888889100816506,1.333333396911621,1.777777820163301,2.222222243414981,2.666666793823242,3.111111089918341,3.555555640326602,4.000000190734863,4.444444486829962,4.88888878292506,5.333333587646485,5.777777883741583,6.222222179836682,5.833333015441895,5.444444296095098,5.055555576748302,4.666666412353516,4.277777693006719,3.888888973659923,3.499999809265137,3.11111153496633,2.722222370571544,2.333333206176757,1.944444931877951,1.555555767483166,1.166666603088379,0.7777783287895726,0.388889164394787,0],
    [0,0.4166666567325592,0.8333333134651184,1.25,1.666666626930237,2.083333253860474,2.5,2.916666507720947,3.333333253860474,3.75,4.166666507720947,4.583333015441895,5,5.416666507720947,5.833333015441895,6.25,5.833333492279053,5.416666984558105,5,4.583333492279053,4.166666984558105,3.75,3.33333396911621,2.916666984558105,2.5,2.08333396911621,1.666666984558106,1.25,0.8333339691162109,0.4166669845581061,0],
    [0,0.3888888902134363,0.7777777804268725,1.166666698455811,1.555555560853745,1.94444442325168,2.333333396911621,2.722222148047549,3.11111112170749,3.500000095367431,3.88888884650336,4.277777597639288,4.666666793823242,5.05555554495917,5.444444296095098,5.833333492279053,6.22222224341498,5.777777979109014,5.333333206176758,4.888888941870792,4.444444677564825,3.999999904632569,3.555556148952891,3.111111376020636,2.666666603088378,2.222222847408702,1.777778074476446,1.333333301544189,0.8888895458645129,0.4444447729322571,0],
    [0,0.3611111236943134,0.7222222473886267,1.083333396911621,1.444444494777253,1.805555592642886,2.166666793823242,2.527777788374151,2.888888989554507,3.250000190734863,3.611111185285772,3.972222179836681,4.333333587646484,4.694444582197392,5.055555576748302,5.416666984558105,5.777777979109014,6.138888973659922,5.666666412353516,5.19444439146253,4.722222370571544,4.249999809265137,3.777778328789572,3.305555767483165,2.833333206176757,2.361111725701194,1.888889164394787,1.416666603088379,0.9444451226128148,0.4722225613064082,0],
    [0,0.3333333253860474,0.6666666507720947,1,1.333333301544189,1.666666603088379,2,2.333333206176758,2.666666603088379,3,3.333333206176758,3.666666412353516,4,4.333333206176758,4.666666412353516,5,5.333333206176758,5.666666412353516,6,5.500000190734863,5.000000381469726,4.500000000000001,4.000000762939452,3.500000381469727,2.999999999999999,2.500000762939453,2.000000381469727,1.5,1.000000762939453,0.5000003814697274,0],
    [0,0.3055555588669245,0.611111117733849,0.9166666984558105,1.222222235467698,1.527777772479585,1.833333396911621,2.13888884650336,2.444444470935396,2.750000095367432,3.05555554495917,3.361110994550909,3.666666793823242,3.972222243414981,4.277777693006719,4.583333492279053,4.888888941870792,5.19444439146253,5.500000190734863,5.805555640326602,5.277778074476446,4.749999904632569,4.222222942776133,3.694444772932257,3.166666603088378,2.638889641231944,2.111111471388067,1.583333301544189,1.055556339687755,0.5277781698438784,0],
    [0,0.2777777923478015,0.5555555846956031,0.833333396911621,1.111111169391206,1.388888941870791,1.666666793823242,1.944444486829962,2.222222338782412,2.500000190734863,2.777777883741583,3.055555576748302,3.333333587646484,3.611111280653204,3.888888973659923,4.166666984558105,4.444444677564825,4.722222370571544,5.000000381469726,5.277778074476446,5.555555767483165,4.999999809265137,4.444445122612814,3.888889164394786,3.333333206176757,2.777778519524436,2.222222561306408,1.666666603088379,1.111111916436057,0.5555559582180294,0],
    [0,0.2499999940395356,0.4999999880790711,0.7500000000000001,0.9999999761581423,1.249999952316284,1.5,1.749999904632569,1.999999952316285,2.25,2.499999904632569,2.749999809265137,3,3.249999904632569,3.499999809265137,3.75,3.999999904632569,4.249999809265137,4.500000000000001,4.749999904632569,4.999999809265137,5.250000000000001,4.666667556762694,4.083333778381347,3.499999999999999,2.916667556762695,2.333333778381348,1.75,1.166667556762695,0.5833337783813486,0],
    [0,0.2222222593095557,0.4444445186191114,0.666666793823242,0.8888890372382228,1.111111280653204,1.333333587646484,1.555555767483165,1.777778074476446,2.000000381469726,2.222222561306407,2.444444741143088,2.666667175292968,2.888889355129649,3.11111153496633,3.33333396911621,3.555556148952891,3.777778328789572,4.000000762939452,4.222222942776133,4.444445122612814,4.666667556762694,4.888889482286176,4.277777947319846,3.666666412353515,3.055556276109418,2.444444741143089,1.833333206176757,1.222223069932661,0.6111115349663315,0],
    [0,0.1944444610012897,0.3888889220025795,0.5833333969116211,0.7777778440051589,0.9722222910986966,1.166666793823242,1.361111185285772,1.555555688010318,1.750000190734863,1.944444582197393,2.138888973659923,2.333333587646484,2.527777979109014,2.722222370571544,2.916666984558105,3.111111376020636,3.305555767483165,3.500000381469727,3.694444772932257,3.888889164394786,4.083333778381347,4.277777947319846,4.472222561306408,3.833333206176757,3.194445313347678,2.555555958218029,1.916666603088379,1.277778710259299,0.6388893551296506,0],
    [0,0.1666666626930236,0.3333333253860473,0.4999999999999999,0.6666666507720945,0.8333333015441893,0.9999999999999998,1.166666603088379,1.333333301544189,1.5,1.666666603088379,1.833333206176757,2,2.166666603088379,2.333333206176757,2.5,2.666666603088378,2.833333206176757,2.999999999999999,3.166666603088378,3.333333206176757,3.499999999999999,3.666666412353515,3.833333206176757,3.999999999999999,3.333334350585937,2.666667175292969,2,1.333334350585937,0.6666671752929698,0],
    [0,0.1388889279630439,0.2777778559260877,0.4166667938232421,0.5555557118521754,0.6944446298811089,0.8333335876464842,0.9722224659389757,1.111111423704351,1.250000381469726,1.388889259762218,1.527778138054709,1.666667175292968,1.80555605358546,1.944444931877951,2.08333396911621,2.222222847408702,2.361111725701194,2.500000762939453,2.638889641231944,2.777778519524436,2.916667556762695,3.055556276109418,3.194445313347678,3.333334350585937,3.472223069932661,2.77777813805471,2.083333206176758,1.388889863755903,0.6944449318779528,0],
    [0,0.1111111296547779,0.2222222593095558,0.3333333969116212,0.4444445186191116,0.555555640326602,0.6666667938232423,0.7777778837415829,0.8888890372382232,1.000000190734863,1.111111280653204,1.222222370571544,1.333333587646485,1.444444677564825,1.555555767483166,1.666666984558106,1.777778074476446,1.888889164394787,2.000000381469727,2.111111471388067,2.222222561306408,2.333333778381348,2.444444741143089,2.555555958218029,2.666667175292969,2.77777813805471,2.88888935512965,2.166666603088379,1.444445504082541,0.7222227520412718,0],
    [0,0.08333333134651182,0.1666666626930236,0.2499999999999999,0.3333333253860473,0.4166666507720946,0.4999999999999999,0.5833333015441893,0.6666666507720945,0.7499999999999998,0.8333333015441893,0.9166666030883787,0.9999999999999998,1.083333301544189,1.166666603088379,1.25,1.333333301544189,1.416666603088379,1.5,1.583333301544189,1.666666603088379,1.75,1.833333206176757,1.916666603088379,2,2.083333206176758,2.166666603088379,2.25,1.50000114440918,0.750000572204591,0],
    [0,0.05555559661653205,0.1111111932330641,0.1666667938232422,0.2222223864661282,0.2777779791090143,0.3333335876464844,0.3888891643947863,0.4444447729322564,0.5000003814697265,0.5555559582180285,0.6111115349663304,0.6666671752929687,0.7222227520412706,0.7777783287895726,0.8333339691162109,0.8888895458645129,0.9444451226128148,1.000000762939453,1.055556339687755,1.111111916436057,1.166667556762695,1.222223069932661,1.277778710259299,1.333334350585937,1.388889863755903,1.444445504082541,1.50000114440918,1.555556657579145,0.777778328789574,0],
    [0,0.02777779830826607,0.05555559661653214,0.08333339691162123,0.1111111932330643,0.1388889895545073,0.1666667938232425,0.1944445821973935,0.2222223864661286,0.2500001907348637,0.2777779791090147,0.3055557674831658,0.3333335876464849,0.3611113760206359,0.388889164394787,0.4166669845581061,0.4444447729322571,0.4722225613064082,0.5000003814697274,0.5277781698438784,0.5555559582180294,0.5833337783813486,0.6111115349663315,0.6388893551296506,0.6666671752929698,0.6944449318779528,0.7222227520412718,0.750000572204591,0.777778328789574,0.8055561489528931,0],
    [0,0,0,0,0,0,0,0,0,0,0,0,0,0,0,0,0,0,0,0,0,0,0,0,0,0,0,0,0,0,0]
],
    [
    [0,0,0,0,0,0,0,0,0,0,0,0,0,0,0,0,0,0,0,0,0,0,0,0,0,0,0,0,0,0,0],
    [0,3.222222148047553,3.111111042234633,2.999999928474427,2.888888830608792,2.777777732743157,2.666666603088379,2.555555537011887,2.444444407357109,2.333333277702331,2.22222221162584,2.111111145549348,1.999999952316284,1.888888886239793,1.777777820163301,1.666666626930237,1.555555560853745,1.444444494777253,1.333333301544189,1.222222235467698,1.111111169391206,0.9999999761581423,0.8888890372382228,0.7777778440051589,0.6666666507720945,0.5555557118521754,0.4444445186191116,0.3333333253860473,0.2222223864661282,0.1111111932330643,0],
    [0,3.111111042234633,6.222222084469266,5.999999856948853,5.777777661217583,5.555555465486314,5.333333206176758,5.111111074023775,4.888888814714218,4.666666555404663,4.44444442325168,4.222222291098696,3.999999904632568,3.777777772479586,3.555555640326602,3.333333253860474,3.11111112170749,2.888888989554507,2.666666603088379,2.444444470935396,2.222222338782412,1.999999952316285,1.777778074476446,1.555555688010318,1.333333301544189,1.111111423704351,0.8888890372382232,0.6666666507720945,0.4444447729322564,0.2222223864661286,0],
    [0,2.999999928474427,5.999999856948853,9,8.66666669845581,8.333333396911621,8,7.666666793823243,7.333333396911621,7,6.666666793823241,6.333333587646484,6,5.666666793823243,5.333333587646485,5,4.666666793823242,4.333333587646484,4,3.666666793823242,3.333333587646484,3,2.666667175292968,2.333333587646484,2,1.666667175292968,1.333333587646485,0.9999999999999998,0.6666671752929687,0.3333335876464849,0],
    [0,2.888888830608792,5.777777661217583,8.66666669845581,11.55555532243517,11.11111093097263,10.66666641235352,10.22222214804755,9.777777629428437,9.333333110809326,8.88888884650336,8.444444582197391,7.999999809265137,7.555555544959171,7.111111280653205,6.666666507720947,6.22222224341498,5.777777979109014,5.333333206176758,4.888888941870792,4.444444677564825,3.999999904632569,3.555556148952891,3.111111376020636,2.666666603088378,2.222222847408702,1.777778074476446,1.333333301544189,0.8888895458645129,0.4444447729322571,0],
    [0,2.777777732743157,5.555555465486314,8.333333396911621,11.11111093097263,13.88888846503363,13.33333282470703,12.77777750227186,12.22222186194525,11.66666622161865,11.11111089918348,10.5555555767483,9.999999618530273,9.444444296095099,8.888888973659924,8.333333015441895,7.777777693006719,7.222222370571544,6.666666412353516,6.111111089918341,5.555555767483165,4.999999809265137,4.444445122612814,3.888889164394786,3.333333206176757,2.777778519524436,2.222222561306408,1.666666603088379,1.111111916436057,0.5555559582180294,0],
    [0,2.666666603088379,5.333333206176758,8,10.66666641235352,13.33333282470703,16,15.33333358764649,14.66666679382324,14,13.33333358764648,12.66666717529297,12,11.33333358764649,10.66666717529297,10,9.333333587646484,8.666667175292968,8,7.333333587646484,6.666667175292968,6.000000000000001,5.333334350585936,4.666667175292969,3.999999999999999,3.333334350585937,2.666667175292969,2,1.333334350585937,0.6666671752929698,0],
    [0,2.555555537011887,5.111111074023775,7.666666793823243,10.22222214804755,12.77777750227186,15.33333358764649,17.88888821072047,17.11111032697889,16.3333324432373,15.55555500454371,14.77777756585012,13.99999923706055,13.22222179836696,12.44444435967336,11.66666603088379,10.8888885921902,10.1111111534966,9.333332824707032,8.555555386013438,7.777777947319846,6.999999618530275,6.22222306993266,5.444444741143089,4.666666412353514,3.888889863755903,3.111111534966331,2.333333206176757,1.555556657579145,0.777778328789574,0],
    [0,2.444444407357109,4.888888814714218,7.333333396911621,9.777777629428437,12.22222186194525,14.66666679382324,17.11111032697889,19.55555525885687,18.66666622161865,17.77777769300672,16.88888916439478,15.99999961853027,15.11111108991834,14.22222256130641,13.33333301544189,12.44444448682996,11.55555595821803,10.66666641235352,9.777777883741583,8.888889355129649,7.999999809265138,7.111112297905782,6.222222752041271,5.333333206176756,4.444445694817404,3.555556148952893,2.666666603088378,1.777779091729026,0.8888895458645143,0],
    [0,2.333333277702331,4.666666555404663,7,9.333333110809326,11.66666622161865,14,16.3333324432373,18.66666622161865,21,20.00000038146973,19.00000076293945,18,17.00000038146973,16.00000076293945,15,14.00000038146973,13.00000076293945,12,11.00000038146973,10.00000076293945,9.000000000000002,8.000001525878904,7.000000762939454,5.999999999999998,5.000001525878906,4.000000762939454,2.999999999999999,2.000001525878906,1.000000762939455,0],
    [0,2.22222221162584,4.44444442325168,6.666666793823241,8.88888884650336,11.11111089918348,13.33333358764648,15.55555500454371,17.77777769300672,20.00000038146973,22.22222179836695,21.1111111534966,19.99999923706055,18.8888885921902,17.77777794731985,16.66666603088379,15.55555538601344,14.44444474114309,13.33333282470703,12.22222217983668,11.11111153496633,9.999999618530275,8.888890245225628,7.777778328789573,6.666666412353514,5.555557039048871,4.444445122612816,3.333333206176757,2.222223832872114,1.111111916436059,0],
    [0,2.111111145549348,4.222222291098696,6.333333587646484,8.444444582197391,10.5555555767483,12.66666717529297,14.77777756585012,16.88888916439478,19.00000076293945,21.1111111534966,23.22222154405375,21.99999847412109,20.77777680291067,19.55555513170024,18.33333206176758,17.11111039055715,15.88888871934672,14.66666564941406,13.44444397820364,12.22222230699321,10.99999923706055,9.777778964572352,8.555555894639692,7.333332824707029,6.111112552218836,4.888889482286178,3.666666412353515,2.444446139865322,1.222223069932663,0],
    [0,1.999999952316284,3.999999904632568,6,7.999999809265137,9.999999618530273,12,13.99999923706055,15.99999961853027,18,19.99999923706055,21.99999847412109,24,22.66666717529297,21.33333435058594,20,18.66666717529297,17.33333435058594,16,14.66666717529297,13.33333435058594,12,10.66666870117187,9.333334350585938,7.999999999999998,6.666668701171874,5.333334350585939,3.999999999999999,2.666668701171875,1.33333435058594,0],
    [0,1.888888886239793,3.777777772479586,5.666666793823243,7.555555544959171,9.444444296095099,11.33333358764649,13.22222179836696,15.11111108991834,17.00000038146973,18.8888885921902,20.77777680291067,22.66666717529297,24.55555538601344,23.11111153496633,21.66666603088379,20.22222217983668,18.77777832878957,17.33333282470703,15.88888897365992,14.44444512261281,12.99999961853027,11.5555574205186,10.11111191643606,8.666666412353514,7.222224214341839,5.777778710259301,4.333333206176757,2.888891008165082,1.444445504082544,0],
    [0,1.777777820163301,3.555555640326602,5.333333587646485,7.111111280653205,8.888888973659924,10.66666717529297,12.44444435967336,14.22222256130641,16.00000076293945,17.77777794731985,19.55555513170024,21.33333435058594,23.11111153496633,24.88888871934673,23.33333206176758,21.77777718438039,20.22222230699321,18.66666564941406,17.11111077202688,15.55555589463969,13.99999923706055,12.44444613986532,10.88888948228618,9.333332824707028,7.777779727511805,6.222223069932663,4.666666412353514,3.111113315158291,1.555556657579148,0],
    [0,1.666666626930237,3.333333253860474,5,6.666666507720947,8.333333015441895,10,11.66666603088379,13.33333301544189,15,16.66666603088379,18.33333206176758,20,21.66666603088379,23.33333206176758,25,23.33333396911621,21.66666793823242,20,18.33333396911621,16.66666793823242,15,13.33333587646484,11.66666793823242,9.999999999999998,8.333335876464842,6.666667938232424,4.999999999999999,3.333335876464844,1.666667938232425,0],
    [0,1.555555560853745,3.11111112170749,4.666666793823242,6.22222224341498,7.777777693006719,9.333333587646484,10.8888885921902,12.44444448682996,14.00000038146973,15.55555538601344,17.11111039055715,18.66666717529297,20.22222217983668,21.77777718438039,23.33333396911621,24.88888897365992,23.11111191643606,21.33333282470703,19.55555576748317,17.7777787102593,15.99999961853028,14.22222459581156,12.44444550408254,10.66666641235351,8.888891389634807,7.111112297905786,5.333333206176756,3.555558183458051,1.777779091729029,0],
    [0,1.444444494777253,2.888888989554507,4.333333587646484,5.777777979109014,7.222222370571544,8.666667175292968,10.1111111534966,11.55555595821803,13.00000076293945,14.44444474114309,15.88888871934672,17.33333435058594,18.77777832878957,20.22222230699321,21.66666793823242,23.11111191643606,24.55555589463969,22.66666564941406,20.77777756585012,18.88888948228617,16.99999923706055,15.11111331515829,13.22222306993266,11.33333282470703,9.444446902804774,7.555556657579147,5.666666412353514,3.777780490451259,1.888890245225633,0],
    [0,1.333333301544189,2.666666603088379,4,5.333333206176758,6.666666412353516,8,9.333332824707032,10.66666641235352,12,13.33333282470703,14.66666564941406,16,17.33333282470703,18.66666564941406,20,21.33333282470703,22.66666564941406,24,22.00000076293945,20.0000015258789,18,16.00000305175781,14.00000152587891,12,10.00000305175781,8.000001525878908,5.999999999999998,4.000003051757812,2.000001525878909,0],
    [0,1.222222235467698,2.444444470935396,3.666666793823242,4.888888941870792,6.111111089918341,7.333333587646484,8.555555386013438,9.777777883741583,11.00000038146973,12.22222217983668,13.44444397820364,14.66666717529297,15.88888897365992,17.11111077202688,18.33333396911621,19.55555576748317,20.77777756585012,22.00000076293945,23.22222256130641,21.11111229790578,18.99999961853027,16.88889177110453,14.77777909172903,12.66666641235351,10.55555856492778,8.44444588555227,6.333333206176756,4.22222535875102,2.111112679375514,0],
    [0,1.111111169391206,2.222222338782412,3.333333587646484,4.444444677564825,5.555555767483165,6.666667175292968,7.777777947319846,8.888889355129649,10.00000076293945,11.11111153496633,12.22222230699321,13.33333435058594,14.44444512261281,15.55555589463969,16.66666793823242,17.7777787102593,18.88888948228617,20.0000015258789,21.11111229790578,22.22222306993266,19.99999923706055,17.77778049045126,15.55555665757915,13.33333282470703,11.11111407809774,8.888890245225632,6.666666412353514,4.444447665744228,2.222223832872118,0],
    [0,0.9999999761581423,1.999999952316285,3,3.999999904632569,4.999999809265137,6.000000000000001,6.999999618530275,7.999999809265138,9.000000000000002,9.999999618530275,10.99999923706055,12,12.99999961853027,13.99999923706055,15,15.99999961853028,16.99999923706055,18,18.99999961853027,19.99999923706055,21,18.66667022705078,16.33333511352539,14,11.66667022705078,9.333335113525393,6.999999999999998,4.666670227050781,2.333335113525394,0],
    [0,0.8888890372382228,1.777778074476446,2.666667175292968,3.555556148952891,4.444445122612814,5.333334350585936,6.22222306993266,7.111112297905782,8.000001525878904,8.888890245225628,9.777778964572352,10.66666870117187,11.5555574205186,12.44444613986532,13.33333587646484,14.22222459581156,15.11111331515829,16.00000305175781,16.88889177110453,17.77778049045126,18.66667022705078,19.5555579291447,17.11111178927938,14.66666564941406,12.22222510443767,9.777778964572356,7.333332824707029,4.888892279730643,2.444446139865326,0],
    [0,0.7777778440051589,1.555555688010318,2.333333587646484,3.111111376020636,3.888889164394786,4.666667175292969,5.444444741143089,6.222222752041271,7.000000762939454,7.777778328789573,8.555555894639692,9.333334350585938,10.11111191643606,10.88888948228618,11.66666793823242,12.44444550408254,13.22222306993266,14.00000152587891,14.77777909172903,15.55555665757915,16.33333511352539,17.11111178927938,17.88889024522563,15.33333282470703,12.77778125339071,10.22222383287212,7.666666412353514,5.111114841037197,2.555557420518602,0],
    [0,0.6666666507720945,1.333333301544189,2,2.666666603088378,3.333333206176757,3.999999999999999,4.666666412353514,5.333333206176756,5.999999999999998,6.666666412353514,7.333332824707029,7.999999999999998,8.666666412353514,9.333332824707028,9.999999999999998,10.66666641235351,11.33333282470703,12,12.66666641235351,13.33333282470703,14,14.66666564941406,15.33333282470703,16,13.33333740234375,10.66666870117188,7.999999999999998,5.33333740234375,2.666668701171879,0],
    [0,0.5555557118521754,1.111111423704351,1.666667175292968,2.222222847408702,2.777778519524436,3.333334350585937,3.888889863755903,4.444445694817404,5.000001525878906,5.555557039048871,6.111112552218836,6.666668701171874,7.222224214341839,7.777779727511805,8.333335876464842,8.888891389634807,9.444446902804774,10.00000305175781,10.55555856492778,11.11111407809774,11.66667022705078,12.22222510443767,12.77778125339071,13.33333740234375,13.88889227973064,11.11111255221884,8.33333282470703,5.555559455023612,2.777779727511811,0],
    [0,0.4444445186191116,0.8888890372382232,1.333333587646485,1.777778074476446,2.222222561306408,2.666667175292969,3.111111534966331,3.555556148952893,4.000000762939454,4.444445122612816,4.888889482286178,5.333334350585939,5.777778710259301,6.222223069932663,6.666667938232424,7.111112297905786,7.555556657579147,8.000001525878908,8.44444588555227,8.888890245225632,9.333335113525393,9.777778964572356,10.22222383287212,10.66666870117188,11.11111255221884,11.5555574205186,8.666666412353514,5.777782016330165,2.888891008165087,0],
    [0,0.3333333253860473,0.6666666507720945,0.9999999999999998,1.333333301544189,1.666666603088379,2,2.333333206176757,2.666666603088378,2.999999999999999,3.333333206176757,3.666666412353515,3.999999999999999,4.333333206176757,4.666666412353514,4.999999999999999,5.333333206176756,5.666666412353514,5.999999999999998,6.333333206176756,6.666666412353514,6.999999999999998,7.333332824707029,7.666666412353514,7.999999999999998,8.33333282470703,8.666666412353514,8.999999999999998,6.000004577636719,3.000002288818364,0],
    [0,0.2222223864661282,0.4444447729322564,0.6666671752929687,0.8888895458645129,1.111111916436057,1.333334350585937,1.555556657579145,1.777779091729026,2.000001525878906,2.222223832872114,2.444446139865322,2.666668701171875,2.888891008165082,3.111113315158291,3.333335876464844,3.555558183458051,3.777780490451259,4.000003051757812,4.22222535875102,4.444447665744228,4.666670227050781,4.888892279730643,5.111114841037197,5.33333740234375,5.555559455023612,5.777782016330165,6.000004577636719,6.222226630316581,3.111113315158296,0],
    [0,0.1111111932330643,0.2222223864661286,0.3333335876464849,0.4444447729322571,0.5555559582180294,0.6666671752929698,0.777778328789574,0.8888895458645143,1.000000762939455,1.111111916436059,1.222223069932663,1.33333435058594,1.444445504082544,1.555556657579148,1.666667938232425,1.777779091729029,1.888890245225633,2.000001525878909,2.111112679375514,2.222223832872118,2.333335113525394,2.444446139865326,2.555557420518602,2.666668701171879,2.777779727511811,2.888891008165087,3.000002288818364,3.111113315158296,3.222224595811572,0],
    [0,0,0,0,0,0,0,0,0,0,0,0,0,0,0,0,0,0,0,0,0,0,0,0,0,0,0,0,0,0,0]
],
    [
    [0,0,0,0,0,0,0,0,0,0,0,0,0,0,0,0,0,0,0,0,0,0,0,0,0,0,0,0,0,0,0],
    [0,1.127777740690443,1.08888885445065,1.049999964237213,1.011111081971062,0.9722221997049116,0.9333333015441895,0.8944444351726101,0.8555555370118879,0.8166666388511657,0.7777777724795863,0.7388888743188642,0.699999976158142,0.6611111097865627,0.6222222434149833,0.5833333134651184,0.5444444470935391,0.5055555807219596,0.4666666507720947,0.4277777844005153,0.388888918028936,0.3499999880790711,0.3111111217074917,0.2722222553359123,0.2333333253860473,0.194444459014468,0.1555555926428887,0.1166667262713092,0.07777785989972989,0.03888892994986502,0],
    [0,1.08888885445065,2.177777708901299,2.099999928474426,2.022222163942125,1.944444399409823,1.866666603088379,1.78888887034522,1.711111074023776,1.633333277702331,1.555555544959173,1.477777748637728,1.399999952316284,1.322222219573125,1.244444486829967,1.166666626930237,1.088888894187078,1.011111161443919,0.9333333015441895,0.8555555688010306,0.777777836057872,0.6999999761581422,0.6222222434149833,0.5444445106718246,0.4666666507720946,0.388888918028936,0.3111111852857774,0.2333334525426184,0.1555557197994598,0.07777785989973003,0],
    [0,1.049999964237213,2.099999928474426,3.15,3.033333349227905,2.916666698455811,2.8,2.683333396911621,2.56666669845581,2.45,2.333333396911621,2.216666698455811,2.1,1.983333396911621,1.866666793823242,1.75,1.633333396911621,1.516666793823242,1.4,1.283333396911621,1.166666793823242,1.05,0.933333396911621,0.8166667938232421,0.6999999999999998,0.583333396911621,0.4666667938232423,0.3500001907348631,0.2333335876464843,0.1166667938232424,0],
    [0,1.011111081971062,2.022222163942125,3.033333349227905,4.044444327884249,3.888888798819647,3.733333206176758,3.57777774069044,3.422222148047552,3.266666555404663,3.111111089918345,2.955555497275457,2.799999904632568,2.644444439146251,2.488888973659933,2.333333253860474,2.177777788374156,2.022222322887838,1.866666603088379,1.711111137602061,1.555555672115744,1.399999952316284,1.244444486829967,1.088889021343649,0.9333333015441893,0.777777836057872,0.6222223705715547,0.4666669050852369,0.3111114395989196,0.1555557197994601,0],
    [0,0.9722221997049116,1.944444399409823,2.916666698455811,3.888888798819647,4.861110899183482,4.666666412353516,4.47222208446926,4.277777597639293,4.083333110809326,3.88888878292507,3.694444296095103,3.499999809265137,3.305555481380881,3.111111153496624,2.916666507720947,2.722222179836692,2.527777851952435,2.333333206176758,2.138888878292502,1.944444550408246,1.749999904632569,1.555555576748312,1.361111248864056,1.166666603088379,0.9722222752041229,0.777777947319867,0.5833336194356107,0.3888892915513548,0.1944446457756777,0],
    [0,0.9333333015441895,1.866666603088379,2.8,3.733333206176758,4.666666412353516,5.600000000000001,5.366666793823242,5.13333339691162,4.899999999999999,4.666666793823242,4.433333396911621,4.2,3.966666793823242,3.733333587646484,3.5,3.266666793823243,3.033333587646484,2.8,2.566666793823242,2.333333587646484,2.100000000000001,1.866666793823242,1.633333587646484,1.4,1.166666793823242,0.9333335876464846,0.7000003814697262,0.4666671752929686,0.2333335876464847,0],
    [0,0.8944444351726101,1.78888887034522,2.683333396911621,3.57777774069044,4.47222208446926,5.366666793823242,6.261110772026898,5.988888496822775,5.716666221618652,5.444444168938519,5.172221893734396,4.899999618530273,4.62777756585014,4.355555513170007,4.083333015441895,3.811110962761762,3.538888910081628,3.266666412353516,2.994444359673382,2.722222306993249,2.449999809265137,2.177777756585003,1.905555703904871,1.633333206176757,1.361111153496625,1.088889100816492,0.8166670481363582,0.5444449954562254,0.2722224977281131,0],
    [0,0.8555555370118879,1.711111074023776,2.56666669845581,3.422222148047552,4.277777597639293,5.13333339691162,5.988888496822775,6.844444296095103,6.533333110809326,6.222222179836691,5.911110994550913,5.599999809265136,5.288888878292502,4.977777947319867,4.666666507720947,4.355555576748313,4.044444645775677,3.733333206176758,3.422222275204122,3.111111344231488,2.799999904632569,2.488888973659933,2.177778042687299,1.866666603088379,1.555555672115744,1.244444741143109,0.9333338101704738,0.6222228791978391,0.3111114395989201,0],
    [0,0.8166666388511657,1.633333277702331,2.45,3.266666555404663,4.083333110809326,4.899999999999999,5.716666221618652,6.533333110809326,7.35,7.000000190734863,6.650000095367432,6.3,5.950000190734864,5.600000381469726,5.25,4.900000190734864,4.550000381469726,4.2,3.850000190734863,3.500000381469726,3.15,2.800000190734863,2.450000381469727,2.1,1.750000190734863,1.400000381469727,1.050000572204589,0.7000007629394529,0.3500003814697271,0],
    [0,0.7777777724795863,1.555555544959173,2.333333396911621,3.111111089918345,3.88888878292507,4.666666793823242,5.444444168938519,6.222222179836691,7.000000190734863,7.77777756585014,7.388888592190207,6.999999618530273,6.611110962761762,6.222222306993249,5.833333015441895,5.444444359673383,5.05555570390487,4.666666412353516,4.277777756585003,3.888889100816491,3.499999809265137,3.111111153496624,2.722222497728113,2.333333206176757,1.944444550408246,1.555555894639734,1.166667238871221,0.7777785831027096,0.3888892915513555,0],
    [0,0.7388888743188642,1.477777748637728,2.216666698455811,2.955555497275457,3.694444296095103,4.433333396911621,5.172221893734396,5.911110994550913,6.650000095367432,7.388888592190207,8.127777693006724,7.699999809265137,7.272222275204123,6.844444741143108,6.416666507720947,5.988888973659934,5.561111439598919,5.133333206176758,4.705555672115743,4.27777813805473,3.849999904632569,3.422222370571554,2.994444836510541,2.566666603088378,2.138889069027365,1.711111534966352,1.283334000905337,0.8555564668443235,0.4277782334221625,0],
    [0,0.699999976158142,1.399999952316284,2.1,2.799999904632568,3.499999809265137,4.2,4.899999618530273,5.599999809265136,6.3,6.999999618530273,7.699999809265137,8.4,7.933333587646485,7.466667175292968,7,6.533333587646485,6.066667175292968,5.600000000000001,5.133333587646484,4.666667175292968,4.200000000000001,3.733333587646484,3.266667175292969,2.799999999999999,2.333333587646484,1.866667175292969,1.400000762939452,0.9333343505859373,0.4666671752929694,0],
    [0,0.6611111097865627,1.322222219573125,1.983333396911621,2.644444439146251,3.305555481380881,3.966666793823242,4.62777756585014,5.288888878292502,5.950000190734864,6.611110962761762,7.272222275204123,7.933333587646485,8.594444359673382,8.088889100816491,7.583333015441895,7.077777756585004,6.572222497728112,6.066666412353516,5.561111153496624,5.055555894639734,4.549999809265137,4.044444550408246,3.538889291551355,3.033333206176757,2.527777947319867,2.022222688462977,1.516667429606084,1.011112170749194,0.5055560853745978,0],
    [0,0.6222222434149833,1.244444486829967,1.866666793823242,2.488888973659933,3.111111153496624,3.733333587646484,4.355555513170007,4.977777947319867,5.600000381469726,6.222222306993249,6.844444741143108,7.466667175292968,8.088889100816491,8.711111026340014,8.166666030883789,7.622221925523523,7.077777820163256,6.533332824707031,5.988888719346765,5.444444613986499,4.899999618530274,4.355555513170007,3.811111407809741,3.266666412353515,2.722222306993249,2.177778201632984,1.633334096272716,1.088889990912451,0.5444449954562263,0],
    [0,0.5833333134651184,1.166666626930237,1.75,2.333333253860474,2.916666507720947,3.5,4.083333015441895,4.666666507720947,5.25,5.833333015441895,6.416666507720947,7,7.583333015441895,8.166666030883789,8.75,8.166666984558105,7.58333396911621,7,6.416666984558105,5.833333969116211,5.250000000000001,4.666666984558105,4.083333969116211,3.499999999999999,2.916666984558105,2.333333969116211,1.750000953674316,1.166667938232422,0.5833339691162118,0],
    [0,0.5444444470935391,1.088888894187078,1.633333396911621,2.177777788374156,2.722222179836692,3.266666793823243,3.811110962761762,4.355555576748313,4.900000190734864,5.444444359673383,5.988888973659934,6.533333587646485,7.077777756585004,7.622221925523523,8.166666984558105,8.711111153496626,8.088889291551354,7.466666412353516,6.844444550408245,6.222222688462976,5.599999809265138,4.977777947319867,4.355556085374597,3.733333206176757,3.111111344231488,2.488889482286219,1.866667620340948,1.244445758395678,0.6222228791978403,0],
    [0,0.5055555807219596,1.011111161443919,1.516666793823242,2.022222322887838,2.527777851952435,3.033333587646484,3.538888910081628,4.044444645775677,4.550000381469726,5.05555570390487,5.561111439598919,6.066667175292968,6.572222497728112,7.077777820163256,7.58333396911621,8.088889291551354,8.594444613986498,7.933332824707032,7.272222116258385,6.611111407809741,5.949999618530274,5.288888910081628,4.627778201632983,3.966666412353515,3.30555570390487,2.644444995456226,1.983334287007579,1.322223578558935,0.6611117892794687,0],
    [0,0.4666666507720947,0.9333333015441895,1.4,1.866666603088379,2.333333206176758,2.8,3.266666412353516,3.733333206176758,4.2,4.666666412353516,5.133333206176758,5.600000000000001,6.066666412353516,6.533332824707031,7,7.466666412353516,7.933332824707032,8.4,7.700000381469725,7.000000762939453,6.300000000000001,5.600000381469726,4.900000762939453,4.199999999999999,3.500000381469726,2.800000762939454,2.100001144409179,1.400001525878906,0.7000007629394541,0],
    [0,0.4277777844005153,0.8555555688010306,1.283333396911621,1.711111137602061,2.138888878292502,2.566666793823242,2.994444359673382,3.422222275204122,3.850000190734863,4.277777756585003,4.705555672115743,5.133333587646484,5.561111153496624,5.988888719346765,6.416666984558105,6.844444550408245,7.272222116258385,7.700000381469725,8.127777947319865,7.388889482286218,6.649999809265138,5.911111344231487,5.17222287919784,4.433333206176757,3.694444741143109,2.955556276109461,2.216667811075811,1.477779346042163,0.7388896730210825,0],
