[
    [
    [-0,-0,-0,-0,-0,-0,-0,-0,-0,-0,-0,-0,-0,-0,-0,-0,-0,-0,-0,-0,-0,-0,-0,-0,-0,-0,-0,-0,-0,-0,-0],
    [-0,-21.73336163496631,-41.60607879978836,-59.30804527159461,-74.91678433030384,-88.50982549598028,-100.164698667607,-109.958921485682,-117.9700320227441,-124.2755510504544,-128.9530032442616,-132.0799194606119,-133.7338275467825,-133.9922505590365,-132.9327179860159,-130.6327532832369,-127.1698885566522,-122.6216486369753,-117.0655533864632,-110.5791423637543,-103.2399365401357,-95.12545298310707,-86.31324756144944,-76.88080682214269,-66.90567719981408,-56.46541009754928,-45.6374846096419,-34.49945116322984,-23.1288630245704,-11.60319502927893,-0],
    [-0,-41.60607879978836,-81.04140571620142,-116.5228655163563,-147.817870479227,-175.0814796560319,-198.4687528669181,-218.1347253263396,-234.2344732680967,-246.9230381911499,-256.3554694020359,-262.6868286580079,-266.0721717423431,-266.6665445901226,-264.625006267353,-260.1026037737889,-253.254401143891,-244.2354481278088,-233.2007845387785,-220.3054893166322,-205.7046044926665,-189.5531642906032,-172.006280181837,-153.2189256152175,-133.3461932825542,-112.5431858125737,-90.96486174875287,-68.7663217679227,-46.1026722251529,-23.12886314656391,-0],
    [-0,-59.30804527159461,-116.5228655163563,-169.5512393007115,-216.6875649991008,-257.7767968742177,-293.0515247172792,-322.7443011891567,-347.0877408679024,-366.314405896599,-380.6568701296932,-390.3477263195135,-395.6195583683269,-396.7049347406878,-393.8364442629575,-387.2466576621189,-377.1681705517964,-363.8335577845654,-347.475379307631,-328.3262530926751,-306.6187424139934,-282.5853988345193,-256.4588889014735,-228.4716736808973,-198.8563917724395,-167.8456966811242,-135.6720271149333,-102.5680336510477,-68.76637538400678,-34.49947824575716,-0],
    [-0,-74.91678433030384,-147.817870479227,-216.6875649991008,-279.5101555074079,-334.6575886246349,-382.052349987469,-422.0045094924843,-454.8242203170602,-480.8215651042286,-500.3066421121727,-513.5895752102889,-520.9804766749108,-522.789436956642,-519.3265748972749,-510.9019852060983,-497.8257945324746,-480.4081030864823,-458.9589912043735,-433.7886153462531,-405.2070602844938,-373.5243951763188,-339.050840835179,-302.0963469978915,-262.9710976285166,-221.9852965649482,-179.4488637332582,-135.6719990675496,-90.9649138584025,-45.63751099717616,-0],
    [-0,-88.50982549598028,-175.0814796560319,-257.7767968742177,-334.6575886246349,-403.7856961403683,-463.6105984491447,-514.1322482360226,-555.7383376325985,-588.8164696044082,-613.7542666359273,-630.939383891064,-640.7594623751091,-643.6021138149355,-639.8549874226563,-629.9057022447564,-614.1419152565563,-592.9512523805276,-566.7213146968588,-535.8397964442987,-500.6943042481867,-461.6724252149255,-419.1619333595267,-373.5502685091426,-325.2251592824653,-274.5743591404787,-221.9852706469042,-167.8456423829871,-112.5432371255691,-56.4654361449806,-0],
    [-0,-100.164698667607,-198.4687528669181,-293.0515247172792,-382.052349987469,-463.6105984491447,-535.8656451973105,-597.3444225191156,-648.1245274524099,-688.6710830856061,-719.4492359298445,-740.9241726875351,-753.5610635587179,-757.8250406814897,-754.1812841040789,-743.0949376759579,-725.0311878333629,-700.4551866769508,-669.8320564966381,-633.6270284447762,-592.3052314654627,-546.3317710800706,-496.1719731965229,-442.2907695289267,-385.1534324855669,-325.2252642854803,-262.9711519266545,-198.8563917724395,-133.3462972209014,-66.90572971795825,-0],
    [-0,-109.958921485682,-218.1347253263396,-322.7443011891567,-422.0045094924843,-514.1322482360226,-597.3444225191156,-669.8578479940954,-730.2771242171694,-778.7572602407606,-815.8409262921479,-842.0708408340449,-857.9897037492141,-864.1401664779494,-861.0649403925652,-849.306694633496,-829.408143988862,-801.9119672254792,-767.3608083309683,-726.2974342622477,-679.2644967701491,-626.804620278993,-569.4606809482362,-507.7751044639365,-442.2907059149319,-373.5503351692691,-302.0963657442034,-228.4716406761469,-153.2190228753469,-76.88085604831181,-0],
    [-0,-117.9700320227441,-234.2344732680967,-347.0877408679024,-454.8242203170602,-555.7383376325985,-648.1245274524099,-730.2771242171694,-800.4906308810561,-857.4470399838879,-901.378910689153,-932.9064935747623,-952.6500188716194,-961.2296561244586,-959.2656486951014,-947.3781916803614,-926.1875270224908,-896.3138608198833,-858.3773594232788,-812.9983243964148,-760.7969309622731,-702.3933231135363,-638.4079254423973,-569.4606601354357,-496.1718837642991,-419.1619926483028,-339.0508493525361,-256.458842388732,-172.0063829815786,-86.31329962673911,-0],
    [-0,-124.2755510504544,-246.9230381911499,-366.314405896599,-480.8215651042286,-588.8164696044082,-688.6710830856061,-778.7572602407606,-857.4470399838879,-923.1123028594294,-974.5125930709121,-1011.958059152573,-1036.146462393237,-1047.77548902252,-1047.542915101528,-1036.146462393237,-1014.28389857447,-982.6529577849763,-941.9513294483975,-892.8768483157294,-836.1272137918841,-772.4000901476858,-702.393448278724,-626.80470971122,-546.3317710800706,-461.6725737363001,-373.5244721319516,-282.5853988345193,-189.5533119635718,-95.12552764304721,-0],
    [-0,-128.9530032442616,-256.3554694020359,-380.6568701296932,-500.3066421121727,-613.7542666359273,-719.4492359298445,-815.8409262921479,-901.378910689153,-974.5125930709121,-1033.691405778661,-1077.752492781988,-1107.083513333436,-1122.459668706141,-1124.656268414636,-1114.448561642194,-1092.611840158847,-1059.921366899842,-1017.152355115863,-965.0801711037954,-904.4800392046243,-836.1271447214596,-760.7970024134103,-679.2645362959998,-592.3051814260029,-500.694422544778,-405.2071091409869,-306.6187161965104,-205.7047470844226,-103.2400087066034,-0],
    [-0,-132.0799194606119,-262.6868286580079,-390.3477263195135,-513.5895752102889,-630.939383891064,-740.9241726875351,-842.0708408340449,-932.9064935747623,-1011.958059152573,-1077.752492781988,-1128.816834525748,-1164.065740942314,-1183.964292725552,-1189.365333730643,-1181.121641448383,-1160.086029967567,-1127.111291906161,-1083.050165229114,-1028.755546004757,-965.0801843973704,-892.876787629573,-812.9984116623222,-726.2974865493392,-633.6269839948285,-535.8399303560352,-433.7886737071351,-328.3262296699482,-220.305645096606,-110.579221215826,-0],
    [-0,-133.7338275467825,-266.0721717423431,-395.6195583683269,-520.9804766749108,-640.7594623751091,-753.5610635587179,-857.9897037492141,-952.6500188716194,-1036.146462393237,-1107.083513333436,-1164.065740942314,-1205.697701693949,-1230.971450963892,-1240.42973283347,-1235.002854165677,-1215.621149504886,-1183.214942216462,-1138.714496044285,-1083.050234964961,-1017.152436030733,-941.9513294483975,-858.377509541653,-767.3609163949091,-669.8320564966381,-566.7214959568157,-458.9590854276126,-347.475379307631,-233.2009660649058,-117.065645247468,-0],
    [-0,-133.9922505590365,-266.6665445901226,-396.7049347406878,-522.789436956642,-643.6021138149355,-757.8250406814897,-864.1401664779494,-961.2296561244586,-1047.77548902252,-1122.459668706141,-1183.964292725552,-1230.971450963892,-1262.163079459558,-1276.608919289265,-1274.929173815802,-1258.131695821074,-1227.224340393781,-1183.214898032685,-1127.111318404604,-1059.921406425693,-982.6529162628724,-896.3139773198429,-801.9120438816748,-700.455155003038,-592.9514143285636,-480.4081792583999,-363.833540749856,-244.2356266687929,-122.6217390525424,-0],
    [-0,-132.9327179860159,-264.625006267353,-393.8364442629575,-519.3265748972749,-639.8549874226563,-754.1812841040789,-861.0649403925652,-959.2656486951014,-1047.542915101528,-1124.656268414636,-1189.365333730643,-1240.42973283347,-1276.608919289265,-1296.662531206872,-1299.737768057247,-1286.532364704697,-1258.13170911465,-1215.621119694141,-1160.086069493417,-1092.611892445938,-1014.283867832139,-926.1876566755486,-829.408232075462,-725.0311633459658,-614.1420893595634,-497.8258788779448,-377.1681571103448,-253.254589013668,-127.1699837281107,-0],
    [-0,-130.6327532832369,-260.1026037737889,-387.2466576621189,-510.9019852060983,-629.9057022447564,-743.0949376759579,-849.306694633496,-947.3781916803614,-1036.146462393237,-1114.448561642194,-1181.121641448383,-1235.002854165677,-1274.929173815802,-1299.737768057247,-1308.265735344996,-1299.737787354383,-1274.929211079227,-1235.002854165677,-1181.121710651896,-1114.448644819487,-1036.146462393237,-947.3783523788854,-849.3068117471262,-743.0949376759579,-629.9059018702586,-510.9020895104254,-387.2466576621189,-260.1028059777913,-130.6328557576645,-0],
    [-0,-127.1698885566522,-253.254401143891,-377.1681705517964,-497.8257945324746,-614.1419152565563,-725.0311878333629,-829.408143988862,-926.1875270224908,-1014.28389857447,-1092.611840158847,-1160.086029967567,-1215.621149504886,-1258.131695821074,-1286.532364704697,-1299.737787354383,-1296.662557705315,-1276.608958815115,-1240.429734962812,-1189.3653984241,-1124.656345070831,-1047.542908314264,-959.2658010611106,-861.065049388093,-754.1812755867255,-639.855181443858,-519.3266737932302,-393.8364388065277,-264.6252080813458,-132.9328203125725,-0],
    [-0,-122.6216486369753,-244.2354481278088,-363.8335577845654,-480.4081030864823,-592.9512523805276,-700.4551866769508,-801.9119672254792,-896.3138608198833,-982.6529577849763,-1059.921366899842,-1127.111291906161,-1183.214942216462,-1227.224340393781,-1258.13170911465,-1274.929211079227,-1276.608958815115,-1262.16313174665,-1230.971470660272,-1183.964369381747,-1122.459756792741,-1047.775495410533,-961.229817784141,-864.1402847745437,-757.8250409476552,-643.6023153331815,-522.7895420964376,-396.7049336760176,-266.6667507755436,-133.9923551628023,-0],
    [-0,-117.0655533864632,-233.2007845387785,-347.475379307631,-458.9589912043735,-566.7213146968588,-669.8320564966381,-767.3608083309683,-858.3773594232788,-941.9513294483975,-1017.152355115863,-1083.050165229114,-1138.714496044285,-1183.214898032685,-1215.621119694141,-1235.002854165677,-1240.429734962812,-1230.971470660272,-1205.697701693949,-1164.065797635962,-1107.08358679562,-1036.146462393237,-952.6501721839975,-857.989817935003,-753.5610635587179,-640.7596623998611,-520.9805820771779,-395.6195583683269,-266.072378155116,-133.7339324000806,-0],
    [-0,-110.5791423637543,-220.3054893166322,-328.3262530926751,-433.7886153462531,-535.8397964442987,-633.6270284447762,-726.2974342622477,-812.9983243964148,-892.8768483157294,-965.0801711037954,-1028.755546004757,-1083.050234964961,-1127.111318404604,-1160.086069493417,-1181.121710651896,-1189.3653984241,-1183.964369381747,-1164.065797635962,-1128.816933421708,-1077.752601777515,-1011.958094286665,-932.9066690307887,-842.0709749823869,-740.9241921177531,-630.9395948138927,-513.5896904422658,-390.3477348368695,-262.687037774969,-132.080025713138,-0],
    [-0,-103.2399365401357,-205.7046044926665,-306.6187424139934,-405.2070602844938,-500.6943042481867,-592.3052314654627,-679.2644967701491,-760.7969309622731,-836.1272137918841,-904.4800392046243,-965.0801843973704,-1017.152436030733,-1059.921406425693,-1092.611892445938,-1114.448644819487,-1124.656345070831,-1122.459756792741,-1107.08358679562,-1077.752601777515,-1033.691524075255,-974.5126437757882,-901.3790903816754,-815.8410668137168,-719.4492657405852,-613.7544792001212,-500.3067610594013,-380.6568838373105,-256.3556768351206,-128.9531087463446,-0],
    [-0,-95.12545298310707,-189.5531642906032,-282.5853988345193,-373.5243951763188,-461.6724252149255,-546.3317710800706,-626.804620278993,-702.3933231135363,-772.4000901476858,-836.1271447214596,-892.876787629573,-941.9513294483975,-982.6529162628724,-1014.283867832139,-1036.146462393237,-1047.542908314264,-1047.775495410533,-1036.146462393237,-1011.958094286665,-974.5126437757882,-923.1123028594294,-857.447164350565,-778.7573571256718,-688.6710830856061,-588.816648468855,-480.8216608246583,-366.314405896599,-246.9232290497681,-124.2756484011604,-0],
    [-0,-86.31324756144944,-172.006280181837,-256.4588889014735,-339.050840835179,-419.1619333595267,-496.1719731965229,-569.4606809482362,-638.4079254423973,-702.393448278724,-760.7970024134103,-812.9984116623222,-858.377509541653,-896.3139773198429,-926.1876566755486,-947.3783523788854,-959.2658010611106,-961.229817784141,-952.6501721839975,-932.9066690307887,-901.3790903816754,-857.447164350565,-800.4908494931598,-730.2773050409064,-648.1246057055977,-555.7385680226154,-454.8243604985278,-347.0877781978667,-234.2346786457867,-117.9701366579392,-0],
    [-0,-76.88080682214269,-153.2189256152175,-228.4716736808973,-302.0963469978915,-373.5502685091426,-442.2907695289267,-507.7751044639365,-569.4606601354357,-626.80470971122,-679.2645362959998,-726.2974865493392,-767.3609163949091,-801.9120438816748,-829.408232075462,-849.3068117471262,-861.065049388093,-864.1402847745437,-857.989817935003,-842.0709749823869,-815.8410668137168,-778.7573571256718,-730.2773050409064,-669.8580003601128,-597.3444866654435,-514.1324518836144,-422.0046334636237,-322.7443320645676,-218.134913645287,-109.9590177051815,-0],
    [-0,-66.90567719981408,-133.3461932825542,-198.8563917724395,-262.9710976285166,-325.2251592824653,-385.1534324855669,-442.2907059149319,-496.1718837642991,-546.3317710800706,-592.3051814260029,-633.6269839948285,-669.8320564966381,-700.455155003038,-725.0311633459658,-743.0949376759579,-754.1812755867255,-757.8250409476552,-753.5610635587179,-740.9241921177531,-719.4492657405852,-688.6710830856061,-648.1246057055977,-597.3444866654435,-535.8656451973105,-463.610731000472,-382.0524234496542,-293.0515247172792,-198.4689051146352,-100.1647769873478,-0],
    [-0,-56.46541009754928,-112.5431858125737,-167.8456966811242,-221.9852965649482,-274.5743591404787,-325.2252642854803,-373.5503351692691,-419.1619926483028,-461.6725737363001,-500.694422544778,-535.8399303560352,-566.7214959568157,-592.9514143285636,-614.1420893595634,-629.9059018702586,-639.855181443858,-643.6023153331815,-640.7596623998611,-630.9395948138927,-613.7544792001212,-588.816648468855,-555.7385680226154,-514.1324518836144,-463.610731000472,-403.7859179464982,-334.6577394860722,-257.7768623513779,-175.0816567700886,-88.50991627384394,-0],
    [-0,-45.6374846096419,-90.96486174875287,-135.6720271149333,-179.4488637332582,-221.9852706469042,-262.9711519266545,-302.0963657442034,-339.0508493525361,-373.5244721319516,-405.2071091409869,-433.7886737071351,-458.9590854276126,-480.4081792583999,-497.8258788779448,-510.9020895104254,-519.3266737932302,-522.7895420964376,-520.9805820771779,-513.5896904422658,-500.3067610594013,-480.8216608246583,-454.8243604985278,-422.0046334636237,-382.0524234496542,-334.6577394860722,-279.510257005893,-216.687602828133,-147.8180076589305,-74.91685526575704,-0],
    [-0,-34.49945116322984,-68.7663217679227,-102.5680336510477,-135.6719990675496,-167.8456423829871,-198.8563917724395,-228.4716406761469,-256.458842388732,-282.5853988345193,-306.6187161965104,-328.3262296699482,-347.475379307631,-363.833540749856,-377.1681571103448,-387.2466576621189,-393.8364388065277,-396.7049336760176,-395.6195583683269,-390.3477348368695,-380.6568838373105,-366.314405896599,-347.0877781978667,-322.7443320645676,-293.0515247172792,-257.7768623513779,-216.687602828133,-169.5512393007115,-116.5229528026052,-59.30809138508656,-0],
    [-0,-23.1288630245704,-46.1026722251529,-68.76637538400678,-90.9649138584025,-112.5432371255691,-133.3462972209014,-153.2190228753469,-172.0063829815786,-189.5533119635718,-205.7047470844226,-220.305645096606,-233.2009660649058,-244.2356266687929,-253.254589013668,-260.1028059777913,-264.6252080813458,-266.6667507755436,-266.072378155116,-262.687037774969,-256.3556768351206,-246.9232290497681,-234.2346786457867,-218.134913645287,-198.4689051146352,-175.0816567700886,-147.8180076589305,-116.5229528026052,-81.0415241311298,-41.60614050811832,-0],
    [-0,-11.60319502927893,-23.12886314656391,-34.49947824575716,-45.63751099717616,-56.4654361449806,-66.90572971795825,-76.88085604831181,-86.31329962673911,-95.12552764304721,-103.2400087066034,-110.579221215826,-117.065645247468,-122.6217390525424,-127.1699837281107,-130.6328557576645,-132.9328203125725,-133.9923551628023,-133.7339324000806,-132.080025713138,-128.9531087463446,-124.2756484011604,-117.9701366579392,-109.9590177051815,-100.1647769873478,-88.50991627384394,-74.91685526575704,-59.30809138508656,-41.60614050811832,-21.73339465451511,-0],
    [-0,-0,-0,-0,-0,-0,-0,-0,-0,-0,-0,-0,-0,-0,-0,-0,-0,-0,-0,-0,-0,-0,-0,-0,-0,-0,-0,-0,-0,-0,-0]
],
    [
    [-0,-0,-0,-0,-0,-0,-0,-0,-0,-0,-0,-0,-0,-0,-0,-0,-0,-0,-0,-0,-0,-0,-0,-0,-0,-0,-0,-0,-0,-0,-0],
    [-0,-1390.935144637844,-2662.789043186455,-3795.714897382055,-4794.674197139446,-5664.628831742738,-6410.540714726846,-7037.370975083647,-7550.082049455624,-7953.63526722908,-8252.992207632744,-8453.11484547916,-8558.96496299408,-8575.504035778335,-8507.693951105019,-8360.496210127161,-8138.872867625739,-7847.785512766421,-7492.195416733646,-7077.065111280277,-6607.355938568685,-6088.028990918852,-5524.047843932764,-4920.371636617132,-4281.963340788101,-3613.786246243154,-2920.799015017082,-2207.96487444671,-1480.247233572506,-742.6044818738516,-0],
    [-0,-2662.789043186455,-5186.649965836891,-7457.463393046806,-9460.343710670526,-11205.21469798604,-12702.00018348276,-13960.62242088574,-14991.00628915819,-15803.07444423359,-16406.7500417303,-16811.95703411251,-17028.61899150996,-17066.65885376785,-16936.00040111059,-16646.56664152249,-16208.28167320902,-15631.06868017976,-14924.85021048183,-14099.55131626446,-13165.09468753066,-12131.40251459861,-11008.40193163757,-9806.011239373918,-8534.156370083469,-7202.763892004715,-5821.751151920183,-4401.044593147053,-2950.571022409786,-1480.24724138009,-0],
    [-0,-3795.714897382055,-7457.463393046806,-10851.27931524554,-13868.00415994245,-16497.71499994993,-18755.29758190587,-20655.63527610603,-22213.61541554575,-23444.12197738234,-24362.03968830037,-24982.25448444887,-25319.65173557292,-25389.11582340402,-25205.53243282928,-24783.78609037561,-24138.76291531497,-23285.34769821219,-22238.42427568839,-21012.8801979312,-19623.59951449558,-18085.46552540923,-16413.3688896943,-14622.18711557743,-12726.80907343612,-10742.12458759195,-8683.00973535573,-6564.354153667054,-4401.048024576434,-2207.966607728458,-0],
    [-0,-4794.674197139446,-9460.343710670526,-13868.00415994245,-17888.64995247411,-21418.08567197663,-24451.35039919802,-27008.288607519,-29108.75010029185,-30772.58016667063,-32019.62509517905,-32869.73281345849,-33342.75050719429,-33458.52396522509,-33236.90079342559,-32697.72705319029,-31860.85085007838,-30746.11859753487,-29373.37543707991,-27762.4713821602,-25933.2518582076,-23905.5612912844,-21699.25381345145,-19334.16620786506,-16830.15024822507,-14207.05898015668,-11484.72727892853,-8683.007940323172,-5821.75448693776,-2920.800703819275,-0],
    [-0,-5664.628831742738,-11205.21469798604,-16497.71499994993,-21418.08567197663,-25842.28455298357,-29671.07830074526,-32904.46388710545,-35567.2536084863,-37684.25405468213,-39280.27306469934,-40380.1205690281,-41008.60559200698,-41190.53528415587,-40950.71919505001,-40313.96494366441,-39305.08257641961,-37948.88015235377,-36270.16414059896,-34293.74697243512,-32044.43547188395,-29547.03521375523,-26826.36373500971,-23907.21718458513,-20814.41019407778,-17572.75898499064,-14207.05732140187,-10742.12111251117,-7202.76717603642,-3613.787913278758,-0],
    [-0,-6410.540714726846,-12702.00018348276,-18755.29758190587,-24451.35039919802,-29671.07830074526,-34295.40129262787,-38230.0430412234,-41479.96975695423,-44074.94931747879,-46044.75109951005,-47419.14705200225,-48227.90806775795,-48500.80260361534,-48267.60218266105,-47558.07601126131,-46401.99602133522,-44829.13194732485,-42869.25161578484,-40552.12982046568,-37907.53481378961,-34965.23334912452,-31755.00628457746,-28306.60924985131,-24649.81967907628,-20814.41691427074,-16830.15372330589,-12726.80907343612,-8534.163022137691,-4281.966701949328,-0],
    [-0,-7037.370975083647,-13960.62242088574,-20655.63527610603,-27008.288607519,-32904.46388710545,-38230.0430412234,-42870.90227162211,-46737.73594989884,-49840.46465540868,-52213.81928269746,-53892.53381337888,-54911.3410399497,-55304.97065458876,-55108.15618512417,-54355.62845654375,-53082.12121528717,-51322.36590243067,-49111.09173318197,-46483.03579278386,-43472.92779328954,-40115.49569785555,-36445.48358068712,-32497.60668569194,-28306.60517855564,-23907.22145083323,-19334.16740762901,-14622.1850032734,-9806.017464022201,-4920.374787091956,-0],
    [-0,-7550.082049455624,-14991.00628915819,-22213.61541554575,-29108.75010029185,-35567.2536084863,-41479.96975695423,-46737.73594989884,-51231.40037638759,-54876.61055896882,-57688.25028410579,-59706.01558878479,-60969.60120778364,-61518.69799196535,-61393.00151648649,-60632.20426754313,-59276.00172943941,-57364.08709247253,-54936.15100308984,-52031.89276137055,-48691.00358158548,-44953.17267926632,-40858.10722831343,-36445.48224866788,-31755.00056091514,-26826.36752949138,-21699.25435856231,-16413.36591287885,-11008.40851082103,-5524.051176111303,-0],
    [-0,-7953.63526722908,-15803.07444423359,-23444.12197738234,-30772.58016667063,-37684.25405468213,-44074.94931747879,-49840.46465540868,-54876.61055896882,-59079.18738300348,-62368.80595653837,-64765.31578576466,-66313.37359316717,-67057.63129744126,-67042.74656649782,-66313.37359316717,-64914.16950876605,-62889.78929823848,-60284.88508469744,-57144.11829220668,-53512.14168268058,-49433.60576945189,-44953.18068983834,-40115.50142151808,-34965.23334912452,-29547.04471912321,-23905.5662164449,-18085.46552540923,-12131.41196566859,-6088.033769155021,-0],
    [-0,-8252.992207632744,-16406.7500417303,-24362.03968830037,-32019.62509517905,-39280.27306469934,-46044.75109951005,-52213.81928269746,-57688.25028410579,-62368.80595653837,-66156.2499698343,-68976.15953804721,-70853.34485333988,-71837.41879719304,-71978.00117853671,-71324.70794510041,-69927.15777016619,-67834.96748158991,-65097.75072741521,-61765.1309506429,-57886.72250909595,-53512.13726217341,-48691.00815445826,-43472.93032294399,-37907.53161126419,-32044.44304286579,-25933.25498502316,-19623.59783657667,-13165.10381340304,-6607.360557222619,-0],
    [-0,-8453.11484547916,-16811.95703411251,-24982.25448444887,-32869.73281345849,-40380.1205690281,-47419.14705200225,-53892.53381337888,-59706.01558878479,-64765.31578576466,-68976.15953804721,-72244.2774096479,-74500.20742030807,-75773.71473443533,-76119.38135876114,-75591.78505269653,-74245.50591792427,-72135.1226819943,-69315.2105746633,-65840.35494430446,-61765.13180143171,-57144.11440829267,-52031.89834638862,-46483.03913915771,-40552.12697566902,-34293.75554278625,-27762.47511725665,-21012.87869887668,-14099.56128618279,-7077.070157812861,-0],
    [-0,-8558.96496299408,-17028.61899150996,-25319.65173557292,-33342.75050719429,-41008.60559200698,-48227.90806775795,-54911.3410399497,-60969.60120778364,-66313.37359316717,-70853.34485333988,-74500.20742030807,-77164.65290841271,-78782.17286168908,-79387.50290134207,-79040.1826666033,-77799.75356831271,-75725.75630185354,-72877.72774683422,-69315.21503775749,-65097.75590596694,-60284.88508469744,-54936.16061066579,-49111.09864927418,-42869.25161578484,-36270.17574123621,-29373.38146736721,-22238.42427568839,-14924.86182815397,-7492.20129583795,-0],
    [-0,-8575.504035778335,-17066.65885376785,-25389.11582340402,-33458.52396522509,-41190.53528415587,-48500.80260361534,-55304.97065458876,-61518.69799196535,-67057.63129744126,-71837.41879719304,-75773.71473443533,-78782.17286168908,-80778.43708541173,-81702.97083451295,-81595.46712421134,-80520.42853254876,-78542.35778520198,-75725.75347409185,-72135.12437789464,-67834.97001124435,-62889.78664082383,-57364.09454846995,-51322.37080842719,-44829.12992019443,-37948.89051702807,-30746.12347253759,-23285.34660799078,-15631.08010680275,-7847.791299362711,-0],
    [-0,-8507.693951105019,-16936.00040111059,-25205.53243282928,-33236.90079342559,-40950.71919505001,-48267.60218266105,-55108.15618512417,-61393.00151648649,-67042.74656649782,-71978.00117853671,-76119.38135876114,-79387.50290134207,-81702.97083451295,-82986.40199723984,-83183.21715566381,-82338.0713411006,-80520.42938333757,-77799.751660425,-74245.50844757872,-69927.16111654005,-64914.16754125689,-59276.01002723511,-53082.12685282957,-46401.99445414181,-39305.09371901206,-31860.85624818847,-24138.76205506207,-16208.29369687475,-8138.878958599086,-0],
    [-0,-8360.496210127161,-16646.56664152249,-24783.78609037561,-32697.72705319029,-40313.96494366441,-47558.07601126131,-54355.62845654375,-60632.20426754313,-66313.37359316717,-71324.70794510041,-75591.78505269653,-79040.1826666033,-81595.46712421134,-83183.21715566381,-83729.00706207976,-83183.21839068051,-81595.46950907054,-79040.1826666033,-75591.78948172134,-71324.71326844716,-66313.37359316717,-60632.21455224867,-54355.63595181608,-47558.07601126131,-40313.97771969655,-32697.73372866723,-24783.78609037561,-16646.57958257864,-8360.502768490527,-0],
    [-0,-8138.872867625739,-16208.28167320902,-24138.76291531497,-31860.85085007838,-39305.08257641961,-46401.99602133522,-53082.12121528717,-59276.00172943941,-64914.16950876605,-69927.15777016619,-74245.50591792427,-77799.75356831271,-80520.42853254876,-82338.0713411006,-83183.21839068051,-82986.40369314018,-81702.97336416738,-79387.50303761997,-76119.38549914237,-71978.0060845332,-67042.74613211286,-61393.01126791108,-55108.16316083795,-48267.60163755043,-40950.73161240691,-33236.90712276673,-25205.53208361777,-16936.01331720613,-8507.700500004643,-0],
    [-0,-7847.785512766421,-15631.06868017976,-23285.34769821219,-30746.11859753487,-37948.88015235377,-44829.13194732485,-51322.36590243067,-57364.08709247253,-62889.78929823848,-67834.96748158991,-72135.1226819943,-75725.75630185354,-78542.35778520198,-80520.42938333757,-81595.46950907054,-81702.97336416738,-80778.44043178558,-78782.17412225741,-75773.71964043184,-71837.42443473543,-67057.63170627413,-61518.70833818502,-55304.9782255708,-48500.80262064993,-41190.54818132362,-33458.530694172,-25389.11575526512,-17066.67204963479,-8575.510730419346,-0],
    [-0,-7492.195416733646,-14924.85021048183,-22238.42427568839,-29373.37543707991,-36270.16414059896,-42869.25161578484,-49111.09173318197,-54936.15100308984,-60284.88508469744,-65097.75072741521,-69315.2105746633,-72877.72774683422,-75725.75347409185,-77799.751660425,-79040.1826666033,-79387.50303761997,-78782.17412225741,-77164.65290841271,-74500.21104870155,-70853.34955491967,-66313.37359316717,-60969.61101977584,-54911.34834784019,-48227.90806775795,-41008.61839359111,-33342.75725293939,-25319.65173557292,-17028.63220192743,-8558.971673605161,-0],
    [-0,-7077.065111280277,-14099.55131626446,-21012.8801979312,-27762.4713821602,-34293.74697243512,-40552.12982046568,-46483.03579278386,-52031.89276137055,-57144.11829220668,-61765.1309506429,-65840.35494430446,-69315.21503775749,-72135.12437789464,-74245.50844757872,-75591.78948172134,-76119.38549914237,-75773.71964043184,-74500.21104870155,-72244.28373898931,-68976.16651376098,-64765.31803434656,-59706.02681797048,-53892.54239887276,-47419.1482955362,-40380.13406808913,-32869.74018830501,-24982.25502955965,-16811.97041759802,-8453.121645640829,-0],
    [-0,-6607.355938568685,-13165.09468753066,-19623.59951449558,-25933.2518582076,-32044.43547188395,-37907.53481378961,-43472.92779328954,-48691.00358158548,-53512.14168268058,-57886.72250909595,-61765.13180143171,-65097.75590596694,-67834.97001124435,-69927.16111654005,-71324.71326844716,-71978.0060845332,-71837.42443473543,-70853.34955491967,-68976.16651376098,-66156.25754081634,-62368.80920165045,-57688.26178442722,-52213.82827607787,-46044.75300739746,-39280.28666880776,-32019.63270780168,-24362.04056558787,-16406.76331744772,-8252.998959766051,-0],
    [-0,-6088.028990918852,-12131.40251459861,-18085.46552540923,-23905.5612912844,-29547.03521375523,-34965.23334912452,-40115.49569785555,-44953.17267926632,-49433.60576945189,-53512.13726217341,-57144.11440829267,-60284.88508469744,-62889.78664082383,-64914.16754125689,-66313.37359316717,-67042.74613211286,-67057.63170627413,-66313.37359316717,-64765.31803434656,-62368.80920165045,-59079.18738300348,-54876.61851843616,-49840.47085604299,-44074.94931747879,-37684.26550200672,-30772.58629277813,-23444.12197738234,-15803.08665918516,-7953.641497674268,-0],
    [-0,-5524.047843932764,-11008.40193163757,-16413.3688896943,-21699.25381345145,-26826.36373500971,-31755.00628457746,-36445.48358068712,-40858.10722831343,-44953.18068983834,-48691.00815445826,-52031.89834638862,-54936.16061066579,-57364.09454846995,-59276.01002723511,-60632.21455224867,-61393.01126791108,-61518.70833818502,-60969.61101977584,-59706.02681797048,-57688.26178442722,-54876.61851843616,-51231.41436756223,-46737.74752261801,-41479.97476515825,-35567.26835344738,-29108.75907190578,-22213.61780466347,-14991.01943333035,-7550.088746108109,-0],
    [-0,-4920.371636617132,-9806.011239373918,-14622.18711557743,-19334.16620786506,-23907.21718458513,-28306.60924985131,-32497.60668569194,-36445.48224866788,-40115.50142151808,-43472.93032294399,-46483.03913915771,-49111.09864927418,-51322.37080842719,-53082.12685282957,-54355.63595181608,-55108.16316083795,-55304.9782255708,-54911.34834784019,-53892.54239887276,-52213.82827607787,-49840.47085604299,-46737.74752261801,-42870.91202304722,-38230.04714658838,-32904.47692055132,-27008.29654167192,-20655.63725213233,-13960.63447329837,-7037.377133131617,-0],
    [-0,-4281.963340788101,-8534.156370083469,-12726.80907343612,-16830.15024822507,-20814.41019407778,-24649.81967907628,-28306.60517855564,-31755.00056091514,-34965.23334912452,-37907.53161126419,-40552.12697566902,-42869.25161578484,-44829.12992019443,-46401.99445414181,-47558.07601126131,-48267.60163755043,-48500.80262064993,-48227.90806775795,-47419.1482955362,-46044.75300739746,-44074.94931747879,-41479.97476515825,-38230.04714658838,-34295.40129262787,-29671.08678403021,-24451.35510077787,-18755.29758190587,-12702.00992733665,-6410.545727190256,-0],
    [-0,-3613.786246243154,-7202.763892004715,-10742.12458759195,-14207.05898015668,-17572.75898499064,-20814.41691427074,-23907.22145083323,-26826.36752949138,-29547.04471912321,-32044.44304286579,-34293.75554278625,-36270.17574123621,-37948.89051702807,-39305.09371901206,-40313.97771969655,-40950.73161240691,-41190.54818132362,-41008.61839359111,-40380.13406808913,-39280.28666880776,-37684.26550200672,-35567.26835344738,-32904.47692055132,-29671.08678403021,-25842.29874857589,-21418.09532710862,-16497.71919048819,-11205.22603328567,-5664.634641526012,-0],
    [-0,-2920.799015017082,-5821.751151920183,-8683.00973535573,-11484.72727892853,-14207.05732140187,-16830.15372330589,-19334.16740762901,-21699.25435856231,-23905.5662164449,-25933.25498502316,-27762.47511725665,-29373.38146736721,-30746.12347253759,-31860.85624818847,-32697.73372866723,-33236.90712276673,-33458.530694172,-33342.75725293939,-32869.74018830501,-32019.63270780168,-30772.58629277813,-29108.75907190578,-27008.29654167192,-24451.35510077787,-21418.09532710862,-17888.65644837715,-13868.00658100051,-9460.352490171552,-4794.67873700845,-0],
    [-0,-2207.96487444671,-4401.044593147053,-6564.354153667054,-8683.007940323172,-10742.12111251117,-12726.80907343612,-14622.1850032734,-16413.36591287885,-18085.46552540923,-19623.59783657667,-21012.87869887668,-22238.42427568839,-23285.34660799078,-24138.76205506207,-24783.78609037561,-25205.53208361777,-25389.11575526512,-25319.65173557292,-24982.25502955965,-24362.04056558787,-23444.12197738234,-22213.61780466347,-20655.63725213233,-18755.29758190587,-16497.71919048819,-13868.00658100051,-10851.27931524554,-7457.468979366736,-3795.71784864554,-0],
    [-0,-1480.247233572506,-2950.571022409786,-4401.048024576434,-5821.75448693776,-7202.76717603642,-8534.163022137691,-9806.017464022201,-11008.40851082103,-12131.41196566859,-13165.10381340304,-14099.56128618279,-14924.86182815397,-15631.08010680275,-16208.29369687475,-16646.57958257864,-16936.01331720613,-17066.67204963479,-17028.63220192743,-16811.97041759802,-16406.76331744772,-15803.08665918516,-14991.01943333035,-13960.63447329837,-12702.00992733665,-11205.22603328567,-9460.352490171552,-7457.468979366736,-5186.657544392307,-2662.792992519573,-0],
    [-0,-742.6044818738516,-1480.24724138009,-2207.966607728458,-2920.800703819275,-3613.787913278758,-4281.966701949328,-4920.374787091956,-5524.051176111303,-6088.033769155021,-6607.360557222619,-7077.070157812861,-7492.20129583795,-7847.791299362711,-8138.878958599086,-8360.502768490527,-8507.700500004643,-8575.510730419346,-8558.971673605161,-8453.121645640829,-8252.998959766051,-7953.641497674268,-7550.088746108109,-7037.377133131617,-6410.545727190256,-5664.634641526012,-4794.67873700845,-3795.71784864554,-2662.792992519573,-1390.937257888967,-0],
    [-0,-0,-0,-0,-0,-0,-0,-0,-0,-0,-0,-0,-0,-0,-0,-0,-0,-0,-0,-0,-0,-0,-0,-0,-0,-0,-0,-0,-0,-0,-0]
],
    [
    [-0,-0,-0,-0,-0,-0,-0,-0,-0,-0,-0,-0,-0,-0,-0,-0,-0,-0,-0,-0,-0,-0,-0,-0,-0,-0,-0,-0,-0,-0,-0],
    [-0,-59.63634750345658,-114.1670863624304,-162.7412864630126,-205.571667492547,-242.8709735997492,-274.8519504186968,-301.7272955302032,-323.7097866086866,-341.0121335091196,-353.8470613893242,-362.4273249694461,-366.9656458424383,-367.6747588173512,-364.7674025869131,-358.4562975268109,-348.9541979224419,-336.4738295402668,-321.2278986703948,-303.4291888127539,-283.2904106048516,-261.0242593813481,-236.843541596445,-210.9609558888253,-183.5891897678282,-154.941066381673,-125.2292755003458,-94.66655048376444,-63.46562469184667,-31.8391795475705,-0],
    [-0,-114.1670863624304,-222.3776293002596,-319.7387632091334,-405.6122589324377,-480.4236048110777,-544.5982922001566,-598.5617160004567,-642.7394319086072,-677.5568594606567,-703.4394487983535,-720.812709709781,-730.1020852069489,-731.7330447340623,-726.1310658504735,-713.7215896553486,-694.9301240238983,-670.1821208368356,-639.9029930221712,-604.518306884177,-564.4534840456598,-520.1339155237324,-471.9852135312138,-420.4327756932619,-365.9019773763472,-308.8184641813242,-249.6076159959574,-188.6948995400823,-126.5057815335343,-63.46562517006146,-0],
    [-0,-162.7412864630126,-319.7387632091334,-465.2486346070479,-594.5907168231693,-707.3395737071322,-804.1334425307001,-885.6104150146693,-952.408825595205,-1005.166803163375,-1044.522522518798,-1071.114249234818,-1085.580147416445,-1088.558420816984,-1080.687286231942,-1062.604906201282,-1034.949540820601,-998.3593688021824,-953.4725104292586,-900.9273134410184,-841.3619111628869,-775.4143910117465,-703.7231695896102,-626.9263442254278,-545.6619788601179,-460.5685401777479,-372.2840989011774,-281.4468551318965,-188.6950089713953,-94.66660610150767,-0],
    [-0,-205.571667492547,-405.6122589324377,-594.5907168231693,-766.9759094436263,-918.3004705147906,-1048.351715302417,-1157.980431521317,-1248.037733347086,-1319.374458460654,-1372.841505754348,-1409.289897586671,-1429.570518590475,-1434.534306263002,-1425.032217114125,-1401.915136124512,-1366.034073479912,-1318.239935724087,-1259.383551495394,-1190.316047837706,-1111.888270778972,-1024.951005135754,-930.3554697690167,-828.9524627114134,-721.5927374782203,-609.1275797064746,-492.4077519540414,-372.2841876605916,-249.607820265796,-125.2293789394866,-0],
    [-0,-242.8709735997492,-480.4236048110777,-707.3395737071322,-918.3004705147906,-1107.988002116166,-1272.147557698689,-1410.778951787775,-1524.946079689616,-1615.712487179419,-1684.141796546638,-1731.297788326103,-1758.244066982922,-1766.044303062691,-1755.762193485234,-1728.461347063088,-1685.205521289824,-1627.058351931846,-1555.083377373807,-1470.344501181926,-1373.905283477844,-1266.829207868969,-1150.180292692886,-1025.022038077116,-892.4178885024616,-753.4319457765945,-609.1276656835529,-460.5687150011884,-308.8187605073527,-154.9412162510436,-0],
    [-0,-274.8519504186968,-544.5982922001566,-804.1334425307001,-1048.351715302417,-1272.147557698689,-1470.415437770423,-1639.113189912024,-1778.45382294195,-1889.713589947145,-1974.168835831654,-2033.096101132548,-2067.771709364657,-2079.472063339399,-2069.473601342977,-2039.052657845704,-1989.485734258003,-1922.049197394829,-1838.019297213029,-1738.672710410211,-1625.28571302761,-1499.134489289377,-1361.495853618766,-1213.646010064064,-1056.861095897491,-892.418025706414,-721.5929503269356,-545.6622699620362,-365.9023848146963,-183.5893956389682,-0],
    [-0,-301.7272955302032,-598.5617160004567,-885.6104150146693,-1157.980431521317,-1410.778951787775,-1639.113189912024,-1838.090009359734,-2003.880528650122,-2136.9100401288,-2238.66761009714,-2310.642541007292,-2354.323874206545,-2371.200743554869,-2362.76232957432,-2330.49769430585,-2275.896078729327,-2200.446582621113,-2105.638169423121,-1992.960284616921,-1863.901922076212,-1719.951968554765,-1562.600030214059,-1393.335016936025,-1213.645760697188,-1025.021984517147,-828.9525361969578,-626.9265491908333,-420.4331569529867,-210.9611488554179,-0],
    [-0,-323.7097866086866,-642.7394319086072,-952.408825595205,-1248.037733347086,-1524.946079689616,-1778.45382294195,-2003.880528650122,-2196.546422933151,-2352.834833236032,-2473.383876769823,-2559.895620510216,-2614.071822593572,-2637.614346885029,-2632.225117533678,-2599.605926759541,-2541.458750416744,-2459.485423851497,-2355.387626599203,-2230.867568230229,-2087.626963059165,-1927.367402977818,-1751.791281190747,-1562.600216021944,-1361.495736760648,-1150.180370163559,-930.355663605096,-703.7234839645994,-471.9856981214113,-236.843786673883,-0],
    [-0,-341.0121335091196,-677.5568594606567,-1005.166803163375,-1319.374458460654,-1615.712487179419,-1889.713589947145,-2136.9100401288,-2352.834833236032,-2533.020343971705,-2674.062730732624,-2776.813158356103,-2843.186100376404,-2875.096149272672,-2874.457974212195,-2843.186100376404,-2783.195232929009,-2696.399945568404,-2584.714636705822,-2450.054274435751,-2294.333296296007,-2119.466002098774,-1927.367566527015,-1719.952319129118,-1499.134489289377,-1266.829401936917,-1024.951306801855,-775.4148041886623,-520.1344944018089,-261.0245520483345,-0],
    [-0,-353.8470613893242,-703.4394487983535,-1044.522522518798,-1372.841505754348,-1684.141796546638,-1974.168835831654,-2238.66761009714,-2473.383876769823,-2674.062730732624,-2836.449378161917,-2957.353078988513,-3037.837353569819,-3080.029521260027,-3086.056997635782,-3058.047043796156,-2998.127087780297,-2908.42444459501,-2791.066234483598,-2648.180177630505,-2481.893437753009,-2294.333025539925,-2087.626890718429,-1863.902077017558,-1625.285516872915,-1373.90532695185,-1111.888462296436,-841.3622564623768,-564.454043005375,-283.290693497422,-0],
    [-0,-362.4273249694461,-720.812709709781,-1071.114249234818,-1409.289897586671,-1731.297788326103,-2033.096101132548,-2310.642541007292,-2559.895620510216,-2776.813158356103,-2957.353078988513,-3097.473736374169,-3194.196693012651,-3248.798324123876,-3263.61879360671,-3240.998102129685,-3183.276393825434,-3092.793728660996,-2971.889952363551,-2822.905530425565,-2648.180356395596,-2450.054155490881,-2230.867645700902,-1992.960588587144,-1738.67262328831,-1470.34465142808,-1190.316337012274,-900.9277470217239,-604.5189484372625,-303.4295134476185,-0],
    [-0,-366.9656458424383,-730.1020852069489,-1085.580147416445,-1429.570518590475,-1758.244066982922,-2067.771709364657,-2354.323874206545,-2614.071822593572,-2843.186100376404,-3037.837353569819,-3194.196693012651,-3308.434734983452,-3377.785900322234,-3403.73943371869,-3388.848079236522,-3335.66468945042,-3246.742073113372,-3124.632805262149,-2971.890089045813,-2791.066551669912,-2584.714636705822,-2355.387822753901,-2105.638593033797,-1838.019297213029,-1555.083614220174,-1259.383920850517,-953.4730175100183,-639.9037046046385,-321.2282587655594,-0],
