[
    [
    [0,0,0,0,0,0,0,0,0,0,0,0,0,0,0,0,0,0,0,0,0,0,0,0,0,0,0,0,0,0,0,0,0,0,0,0,0,0,0,0,0,0,0,0,0,0,0,0,0,0,0],
    [0,0.3920000057220459,0.3840000054836273,0.3760000046491623,0.3680000050067901,0.3600000053644181,0.3520000033378601,0.3440000060796738,0.3360000040531159,0.3280000020265579,0.3200000047683716,0.3120000027418137,0.3040000007152557,0.2959999986886977,0.2880000061988831,0.2800000041723251,0.2720000021457672,0.2640000001192093,0.2559999980926513,0.2480000056028366,0.2400000035762787,0.2319999920129774,0.2239999995231628,0.2160000070333482,0.2079999954700469,0.2000000029802322,0.191999991416931,0.1839999989271163,0.1760000064373017,0.1679999948740004,0.1600000023841858,0.1519999908208845,0.1439999983310699,0.1360000058412552,0.127999994277954,0.1200000017881394,0.1119999902248381,0.1039999977350234,0.0960000052452088,0.08799999368190753,0.08000000119209288,0.07200000870227824,0.06399997806549038,0.05599998557567573,0.04799999308586109,0.04000000059604644,0.0320000081062318,0.02399997746944393,0.01599998497962929,0.007999992489814645,0],
    [0,0.3840000054836273,0.7680000109672546,0.7520000092983246,0.7360000100135803,0.7200000107288361,0.7040000066757202,0.6880000121593476,0.6720000081062317,0.6560000040531158,0.6400000095367432,0.6240000054836273,0.6080000014305114,0.5919999973773954,0.5760000123977661,0.5600000083446502,0.5440000042915344,0.5280000002384185,0.5119999961853026,0.4960000112056733,0.4800000071525574,0.4639999840259549,0.4479999990463256,0.4320000140666963,0.4159999909400938,0.4000000059604645,0.3839999828338619,0.3679999978542327,0.3520000128746034,0.3359999897480009,0.3200000047683716,0.3039999816417691,0.2879999966621398,0.2720000116825105,0.255999988555908,0.2400000035762787,0.2239999804496762,0.2079999954700469,0.1920000104904176,0.1759999873638151,0.1600000023841858,0.1440000174045565,0.1279999561309808,0.1119999711513515,0.09599998617172217,0.08000000119209288,0.0640000162124636,0.04799995493888787,0.03199996995925858,0.01599998497962929,0],
    [0,0.3760000046491623,0.7520000092983246,1.12800004196167,1.104000042438507,1.080000042915344,1.056000036239624,1.032000043869019,1.008000037193298,0.9840000305175778,0.9600000381469727,0.9360000314712522,0.9120000247955318,0.8880000181198113,0.8640000400543215,0.8400000333786011,0.8160000267028806,0.7920000200271602,0.7680000133514397,0.7440000352859499,0.7200000286102295,0.6959999933242784,0.6720000152587886,0.6480000371932988,0.6240000019073477,0.6000000238418579,0.5759999885559068,0.552000010490417,0.5280000324249272,0.5039999971389761,0.4800000190734863,0.4559999837875353,0.4320000057220454,0.4080000276565556,0.3839999923706046,0.3600000143051148,0.3359999790191637,0.3120000009536739,0.288000022888184,0.2639999876022329,0.2400000095367431,0.2160000314712533,0.191999938964841,0.1679999608993512,0.1439999828338614,0.1200000047683716,0.09600002670288174,0.07199993419646944,0.04799995613097963,0.02399997806548981,0],
    [0,0.3680000050067901,0.7360000100135803,1.104000042438507,1.472000020027161,1.440000021457672,1.40800001335144,1.376000024318695,1.344000016212463,1.312000008106232,1.280000019073486,1.248000010967255,1.216000002861023,1.183999994754791,1.152000024795532,1.1200000166893,1.088000008583069,1.056000000476837,1.023999992370605,0.9920000224113465,0.9600000143051147,0.9279999680519098,0.8959999980926512,0.8640000281333926,0.8319999818801875,0.800000011920929,0.7679999656677239,0.7359999957084653,0.7040000257492067,0.6719999794960018,0.6400000095367432,0.6079999632835381,0.5759999933242795,0.544000023365021,0.511999977111816,0.4800000071525574,0.4479999608993523,0.4159999909400938,0.3840000209808352,0.3519999747276301,0.3200000047683715,0.288000034809113,0.2559999122619615,0.2239999423027029,0.1919999723434443,0.1600000023841858,0.1280000324249272,0.09599990987777574,0.06399993991851716,0.03199996995925858,0],
    [0,0.3600000053644181,0.7200000107288361,1.080000042915344,1.440000021457672,1.8,1.759999990463257,1.720000004768372,1.679999995231628,1.639999985694885,1.6,1.559999990463257,1.519999980926514,1.47999997138977,1.440000009536743,1.4,1.359999990463257,1.319999980926514,1.279999971389771,1.240000009536743,1.2,1.159999942779541,1.119999980926514,1.080000019073486,1.039999961853027,1,0.9599999427795409,0.9199999809265136,0.8800000190734862,0.8399999618530274,0.8,0.759999942779541,0.7199999809265136,0.6800000190734863,0.6399999618530274,0.6000000000000001,0.559999942779541,0.5199999809265137,0.4800000190734863,0.4399999618530273,0.3999999999999999,0.3600000381469726,0.319999885559082,0.2799999237060546,0.2399999618530273,0.2,0.1600000381469726,0.119999885559082,0.07999992370605469,0.03999996185302734,0],
    [0,0.3520000033378601,0.7040000066757202,1.056000036239624,1.40800001335144,1.759999990463257,2.112000072479248,2.064000087738037,2.016000074386596,1.968000061035156,1.920000076293945,1.872000062942504,1.824000049591064,1.776000036239623,1.728000080108643,1.680000066757202,1.632000053405761,1.58400004005432,1.536000026702879,1.4880000705719,1.440000057220459,1.391999986648557,1.344000030517577,1.296000074386598,1.248000003814695,1.200000047683716,1.151999977111814,1.104000020980834,1.056000064849854,1.007999994277952,0.9600000381469727,0.9119999675750705,0.8640000114440909,0.8160000553131113,0.7679999847412092,0.7200000286102296,0.6719999580383273,0.6240000019073477,0.5760000457763681,0.5279999752044658,0.4800000190734862,0.4320000629425066,0.383999877929682,0.3359999217987024,0.2879999656677227,0.2400000095367431,0.1920000534057635,0.1439998683929389,0.09599991226195925,0.04799995613097963,0],
    [0,0.3440000060796738,0.6880000121593476,1.032000043869019,1.376000024318695,1.720000004768372,2.064000087738037,2.407999965667725,2.351999953269959,2.295999940872193,2.239999961853028,2.183999949455262,2.127999937057496,2.07199992465973,2.015999979019165,1.959999966621399,1.903999954223633,1.847999941825867,1.791999929428101,1.735999983787536,1.67999997138977,1.623999892234804,1.567999946594239,1.512000000953674,1.455999921798707,1.399999976158142,1.343999897003175,1.28799995136261,1.232000005722045,1.175999926567079,1.119999980926514,1.063999901771547,1.007999956130982,0.9520000104904169,0.8959999313354503,0.8399999856948854,0.7839999065399184,0.7279999608993535,0.6720000152587886,0.6159999361038215,0.5599999904632567,0.5040000448226918,0.447999832153323,0.3919998865127581,0.3359999408721932,0.2799999952316283,0.2240000495910635,0.1679998369216946,0.1119998912811297,0.05599994564056487,0],
    [0,0.3360000040531159,0.6720000081062317,1.008000037193298,1.344000016212463,1.679999995231628,2.016000074386596,2.351999953269959,2.688000032424927,2.624000016212463,2.560000038146973,2.496000021934509,2.432000005722045,2.367999989509582,2.304000049591064,2.240000033378601,2.176000017166138,2.112000000953674,2.04799998474121,1.984000044822693,1.920000028610229,1.85599993610382,1.791999996185302,1.728000056266785,1.663999963760375,1.600000023841858,1.535999931335448,1.471999991416931,1.408000051498413,1.343999958992004,1.280000019073486,1.215999926567076,1.151999986648559,1.088000046730042,1.023999954223632,0.9600000143051148,0.8959999217987047,0.8319999818801875,0.7680000419616704,0.7039999494552602,0.6400000095367431,0.5760000696182259,0.511999824523923,0.4479998846054059,0.3839999446868887,0.3200000047683715,0.2560000648498544,0.1919998197555515,0.1279998798370343,0.06399993991851716,0],
    [0,0.3280000020265579,0.6560000040531158,0.9840000305175778,1.312000008106232,1.639999985694885,1.968000061035156,2.295999940872193,2.624000016212463,2.952000091552733,2.880000114440918,2.808000094413757,2.736000074386595,2.664000054359434,2.592000120162965,2.520000100135803,2.448000080108642,2.376000060081481,2.304000040054319,2.23200010585785,2.160000085830688,2.087999979972835,2.016000045776366,1.944000111579897,1.872000005722043,1.800000071525574,1.72799996566772,1.656000031471251,1.584000097274781,1.511999991416928,1.440000057220459,1.367999951362606,1.296000017166136,1.224000082969667,1.151999977111814,1.080000042915344,1.007999937057491,0.9360000028610216,0.8640000686645521,0.7919999628066988,0.7200000286102294,0.6480000944137599,0.575999816894523,0.5039998826980535,0.4319999485015841,0.3600000143051147,0.2880000801086453,0.2159998025894083,0.1439998683929389,0.07199993419646944,0],
    [0,0.3200000047683716,0.6400000095367432,0.9600000381469727,1.280000019073486,1.6,1.920000076293945,2.239999961853028,2.560000038146973,2.880000114440918,3.2,3.119999980926514,3.039999961853027,2.959999942779541,2.880000019073486,2.8,2.719999980926514,2.639999961853027,2.559999942779541,2.480000019073486,2.4,2.319999885559082,2.239999961853028,2.160000038146973,2.079999923706055,2,1.919999885559082,1.839999961853027,1.760000038146972,1.679999923706055,1.6,1.519999885559082,1.439999961853027,1.360000038146973,1.279999923706055,1.2,1.119999885559082,1.039999961853027,0.9600000381469727,0.8799999237060545,0.7999999999999998,0.7200000762939451,0.639999771118164,0.5599998474121093,0.4799999237060546,0.3999999999999999,0.3200000762939452,0.2399997711181641,0.1599998474121094,0.07999992370605469,0],
    [0,0.3120000027418137,0.6240000054836273,0.9360000314712522,1.248000010967255,1.559999990463257,1.872000062942504,2.183999949455262,2.496000021934509,2.808000094413757,3.119999980926514,3.432000053405762,3.344000030517577,3.256000007629393,3.168000089645386,3.080000066757202,2.992000043869018,2.904000020980834,2.81599999809265,2.728000080108643,2.640000057220459,2.551999929428098,2.464000011444091,2.376000093460084,2.287999965667723,2.200000047683716,2.111999919891355,2.024000001907348,1.936000083923341,1.84799995613098,1.760000038146973,1.671999910354611,1.583999992370605,1.496000074386598,1.407999946594237,1.32000002861023,1.231999900817868,1.143999982833861,1.056000064849854,0.9679999370574931,0.8800000190734861,0.7920001010894792,0.703999763488764,0.6159998455047571,0.5279999275207501,0.4400000095367431,0.3520000915527361,0.2639997539520209,0.1759998359680139,0.08799991798400697,0],
    [0,0.3040000007152557,0.6080000014305114,0.9120000247955318,1.216000002861023,1.519999980926514,1.824000049591064,2.127999937057496,2.432000005722045,2.736000074386595,3.039999961853027,3.344000030517577,3.648000099182127,3.552000072479245,3.456000160217286,3.360000133514404,3.264000106811523,3.168000080108641,3.072000053405759,2.9760001411438,2.880000114440918,2.783999973297114,2.688000061035154,2.592000148773195,2.496000007629391,2.400000095367432,2.303999954223627,2.208000041961668,2.112000129699709,2.015999988555905,1.920000076293945,1.823999935150141,1.728000022888182,1.632000110626223,1.535999969482418,1.440000057220459,1.343999916076655,1.248000003814695,1.152000091552736,1.055999950408932,0.9600000381469724,0.8640001258850132,0.767999755859364,0.6719998435974047,0.5759999313354455,0.4800000190734862,0.384000106811527,0.2879997367858778,0.1919998245239185,0.09599991226195925,0],
    [0,0.2959999986886977,0.5919999973773954,0.8880000181198113,1.183999994754791,1.47999997138977,1.776000036239623,2.07199992465973,2.367999989509582,2.664000054359434,2.959999942779541,3.256000007629393,3.552000072479245,3.848000137329097,3.744000230789186,3.640000200271606,3.536000169754027,3.432000139236448,3.328000108718868,3.224000202178956,3.120000171661377,3.01600001716613,2.912000110626218,2.808000204086307,2.704000049591059,2.600000143051147,2.4959999885559,2.392000082015988,2.288000175476077,2.18400002098083,2.080000114440918,1.97599995994567,1.872000053405759,1.768000146865847,1.6639999923706,1.560000085830689,1.455999931335441,1.352000024795529,1.248000118255618,1.14399996376037,1.040000057220459,0.9360001506805472,0.831999748229964,0.7279998416900525,0.623999935150141,0.5200000286102294,0.4160001220703178,0.3119997196197346,0.2079998130798231,0.1039999065399115,0],
    [0,0.2880000061988831,0.5760000123977661,0.8640000400543215,1.152000024795532,1.440000009536743,1.728000080108643,2.015999979019165,2.304000049591064,2.592000120162965,2.880000019073486,3.168000089645386,3.456000160217286,3.744000230789186,4.031999958038329,3.919999933242797,3.807999908447266,3.695999883651734,3.583999858856203,3.471999967575073,3.359999942779541,3.247999784469608,3.135999893188478,3.024000001907348,2.911999843597414,2.799999952316284,2.68799979400635,2.57599990272522,2.464000011444091,2.351999853134157,2.239999961853028,2.127999803543093,2.015999912261964,1.904000020980834,1.791999862670901,1.679999971389771,1.567999813079837,1.455999921798707,1.344000030517577,1.231999872207643,1.119999980926513,1.008000089645384,0.8959996643066459,0.7839997730255162,0.6719998817443864,0.5599999904632567,0.448000099182127,0.3359996738433892,0.2239997825622595,0.1119998912811297,0],
    [0,0.2800000041723251,0.5600000083446502,0.8400000333786011,1.1200000166893,1.4,1.680000066757202,1.959999966621399,2.240000033378601,2.520000100135803,2.8,3.080000066757202,3.360000133514404,3.640000200271606,3.919999933242797,4.199999999999999,4.079999971389771,3.959999942779541,3.839999914169312,3.720000028610229,3.6,3.479999828338623,3.359999942779541,3.240000057220459,3.119999885559082,3,2.879999828338623,2.759999942779541,2.640000057220459,2.519999885559082,2.4,2.279999828338623,2.159999942779541,2.040000057220459,1.919999885559082,1.8,1.679999828338623,1.559999942779541,1.440000057220459,1.319999885559082,1.2,1.080000114440918,0.959999656677246,0.8399997711181639,0.7199998855590819,0.5999999999999999,0.4800001144409178,0.3599996566772461,0.2399997711181641,0.119999885559082,0],
    [0,0.2720000021457672,0.5440000042915344,0.8160000267028806,1.088000008583069,1.359999990463257,1.632000053405761,1.903999954223633,2.176000017166138,2.448000080108642,2.719999980926514,2.992000043869018,3.264000106811523,3.536000169754027,3.807999908447266,4.079999971389771,4.352000034332275,4.224000001907348,4.095999969482421,3.968000089645386,3.840000057220459,3.711999872207639,3.583999992370605,3.45600011253357,3.32799992752075,3.200000047683716,3.071999862670896,2.943999982833861,2.816000102996827,2.687999917984007,2.560000038146973,2.431999853134152,2.303999973297118,2.176000093460084,2.047999908447264,1.92000002861023,1.791999843597409,1.663999963760375,1.536000083923341,1.40799989891052,1.280000019073486,1.152000139236452,1.023999649047846,0.8959997692108117,0.7679998893737774,0.6400000095367431,0.5120001296997088,0.3839996395111029,0.2559997596740686,0.1279998798370343,0],
    [0,0.2640000001192093,0.5280000002384185,0.7920000200271602,1.056000000476837,1.319999980926514,1.58400004005432,1.847999941825867,2.112000000953674,2.376000060081481,2.639999961853027,2.904000020980834,3.168000080108641,3.432000139236448,3.695999883651734,3.959999942779541,4.224000001907348,4.488000061035154,4.352000024795529,4.216000150680543,4.080000114440918,3.943999916076655,3.808000041961668,3.672000167846682,3.535999969482418,3.400000095367432,3.263999897003168,3.128000022888182,2.992000148773195,2.855999950408932,2.720000076293946,2.583999877929682,2.448000003814695,2.312000129699709,2.175999931335446,2.040000057220459,1.903999858856196,1.767999984741209,1.632000110626223,1.495999912261959,1.360000038146972,1.224000164031986,1.087999641418446,0.9519997673034594,0.8159998931884728,0.6800000190734862,0.5440001449584996,0.4079996223449598,0.2719997482299732,0.1359998741149866,0],
    [0,0.2559999980926513,0.5119999961853026,0.7680000133514397,1.023999992370605,1.279999971389771,1.536000026702879,1.791999929428101,2.04799998474121,2.304000040054319,2.559999942779541,2.81599999809265,3.072000053405759,3.328000108718868,3.583999858856203,3.839999914169312,4.095999969482421,4.352000024795529,4.608000080108638,4.4640002117157,4.320000171661377,4.175999959945671,4.032000091552732,3.888000223159793,3.744000011444086,3.600000143051147,3.455999931335441,3.312000062942502,3.168000194549563,3.023999982833857,2.880000114440918,2.735999902725212,2.592000034332273,2.448000165939334,2.303999954223628,2.160000085830689,2.015999874114982,1.872000005722043,1.728000137329104,1.583999925613398,1.440000057220459,1.29600018882752,1.151999633789046,1.007999765396107,0.8639998970031683,0.7200000286102294,0.5760001602172905,0.4319996051788166,0.2879997367858778,0.1439998683929389,0],
    [0,0.2480000056028366,0.4960000112056733,0.7440000352859499,0.9920000224113465,1.240000009536743,1.4880000705719,1.735999983787536,1.984000044822693,2.23200010585785,2.480000019073486,2.728000080108643,2.9760001411438,3.224000202178956,3.471999967575073,3.720000028610229,3.968000089645386,4.216000150680543,4.4640002117157,4.711999977111816,4.559999942779541,4.407999727249148,4.255999874114991,4.104000020980834,3.951999805450441,3.799999952316284,3.647999736785891,3.495999883651734,3.344000030517577,3.191999814987184,3.039999961853027,2.887999746322635,2.735999893188477,2.58400004005432,2.431999824523928,2.279999971389771,2.127999755859378,1.975999902725221,1.824000049591064,1.67199983406067,1.519999980926513,1.368000127792356,1.215999549865728,1.063999696731571,0.9119998435974137,0.7599999904632566,0.6080001373290995,0.4559995594024713,0.3039997062683142,0.1519998531341571,0],
    [0,0.2400000035762787,0.4800000071525574,0.7200000286102295,0.9600000143051147,1.2,1.440000057220459,1.67999997138977,1.920000028610229,2.160000085830688,2.4,2.640000057220459,2.880000114440918,3.120000171661377,3.359999942779541,3.6,3.840000057220459,4.080000114440918,4.320000171661377,4.559999942779541,4.8,4.639999771118164,4.479999923706055,4.320000076293946,4.159999847412109,4,3.839999771118164,3.679999923706054,3.520000076293945,3.35999984741211,3.2,3.039999771118164,2.879999923706055,2.720000076293945,2.55999984741211,2.4,2.239999771118164,2.079999923706055,1.920000076293945,1.759999847412109,1.6,1.44000015258789,1.279999542236328,1.119999694824219,0.9599998474121092,0.7999999999999998,0.6400001525878904,0.4799995422363281,0.3199996948242188,0.1599998474121094,0],
    [0,0.2319999920129774,0.4639999840259549,0.6959999933242784,0.9279999680519098,1.159999942779541,1.391999986648557,1.623999892234804,1.85599993610382,2.087999979972835,2.319999885559082,2.551999929428098,2.783999973297114,3.01600001716613,3.247999784469608,3.479999828338623,3.711999872207639,3.943999916076655,4.175999959945671,4.407999727249148,4.639999771118164,4.872000091552718,4.704000240325922,4.536000389099127,4.368000137329091,4.200000286102295,4.032000034332259,3.864000183105463,3.696000331878667,3.528000080108632,3.360000228881836,3.1919999771118,3.024000125885004,2.856000274658208,2.688000022888173,2.520000171661377,2.351999919891341,2.184000068664545,2.01600021743775,1.847999965667713,1.680000114440918,1.512000263214122,1.343999610900846,1.17599975967405,1.007999908447255,0.8400000572204588,0.6720002059936631,0.5039995536803872,0.3359997024535915,0.1679998512267957,0],
    [0,0.2239999995231628,0.4479999990463256,0.6720000152587886,0.8959999980926512,1.119999980926514,1.344000030517577,1.567999946594239,1.791999996185302,2.016000045776366,2.239999961853028,2.464000011444091,2.688000061035154,2.912000110626218,3.135999893188478,3.359999942779541,3.583999992370605,3.808000041961668,4.032000091552732,4.255999874114991,4.479999923706055,4.704000240325922,4.928000022888182,4.752000186920168,4.575999931335446,4.400000095367432,4.223999839782709,4.048000003814695,3.872000167846681,3.695999912261959,3.520000076293945,3.343999820709223,3.167999984741209,2.992000148773195,2.815999893188473,2.640000057220459,2.463999801635737,2.287999965667723,2.112000129699709,1.935999874114986,1.760000038146972,1.584000202178958,1.407999526977528,1.231999691009514,1.0559998550415,0.8800000190734861,0.7040001831054722,0.5279995079040418,0.3519996719360279,0.1759998359680139,0],
    [0,0.2160000070333482,0.4320000140666963,0.6480000371932988,0.8640000281333926,1.080000019073486,1.296000074386598,1.512000000953674,1.728000056266785,1.944000111579897,2.160000038146973,2.376000093460084,2.592000148773195,2.808000204086307,3.024000001907348,3.240000057220459,3.45600011253357,3.672000167846682,3.888000223159793,4.104000020980834,4.320000076293946,4.536000389099127,4.752000186920168,4.967999984741209,4.783999725341801,4.599999904632568,4.41599964523316,4.231999824523927,4.048000003814695,3.863999744415287,3.679999923706055,3.495999664306646,3.311999843597414,3.128000022888182,2.943999763488774,2.759999942779542,2.575999683380132,2.3919998626709,2.208000041961668,2.023999782562259,1.839999961853027,1.656000141143795,1.47199944305421,1.287999622344978,1.103999801635746,0.9199999809265135,0.7360001602172813,0.5519994621276965,0.3679996414184643,0.1839998207092322,0],
    [0,0.2079999954700469,0.4159999909400938,0.6240000019073477,0.8319999818801875,1.039999961853027,1.248000003814695,1.455999921798707,1.663999963760375,1.872000005722043,2.079999923706055,2.287999965667723,2.496000007629391,2.704000049591059,2.911999843597414,3.119999885559082,3.32799992752075,3.535999969482418,3.744000011444086,3.951999805450441,4.159999847412109,4.368000137329091,4.575999931335446,4.783999725341801,4.992000015258782,4.800000190734863,4.607999908447255,4.416000083923336,4.224000259399418,4.031999977111809,3.840000152587891,3.647999870300282,3.456000045776364,3.264000221252445,3.071999938964837,2.880000114440918,2.687999832153309,2.496000007629391,2.304000183105472,2.111999900817863,1.920000076293945,1.728000251770026,1.535999511718728,1.343999687194809,1.151999862670891,0.9600000381469724,0.7680002136230539,0.5759994735717555,0.383999649047837,0.1919998245239185,0],
    [0,0.2000000029802322,0.4000000059604645,0.6000000238418579,0.800000011920929,1,1.200000047683716,1.399999976158142,1.600000023841858,1.800000071525574,2,2.200000047683716,2.400000095367432,2.600000143051147,2.799999952316284,3,3.200000047683716,3.400000095367432,3.600000143051147,3.799999952316284,4,4.200000286102295,4.400000095367432,4.599999904632568,4.800000190734863,5,4.799999713897705,4.599999904632568,4.400000095367432,4.199999809265137,4,3.799999713897705,3.599999904632568,3.400000095367432,3.199999809265137,3,2.799999713897705,2.599999904632568,2.400000095367432,2.199999809265136,2,1.800000190734863,1.59999942779541,1.399999618530273,1.199999809265136,0.9999999999999998,0.8000001907348631,0.5999994277954102,0.3999996185302734,0.1999998092651367,0],
    [0,0.191999991416931,0.3839999828338619,0.5759999885559068,0.7679999656677239,0.9599999427795409,1.151999977111814,1.343999897003175,1.535999931335448,1.72799996566772,1.919999885559082,2.111999919891355,2.303999954223627,2.4959999885559,2.68799979400635,2.879999828338623,3.071999862670896,3.263999897003168,3.455999931335441,3.647999736785891,3.839999771118164,4.032000034332259,4.223999839782709,4.41599964523316,4.607999908447255,4.799999713897705,4.991999977111799,4.784000164031976,4.576000350952153,4.368000041961659,4.160000228881836,3.951999919891341,3.744000106811518,3.536000293731695,3.3279999847412,3.120000171661377,2.911999862670882,2.704000049591059,2.496000236511236,2.287999927520741,2.080000114440918,1.872000301361094,1.663999496459928,1.455999683380105,1.247999870300282,1.040000057220459,0.8320002441406357,0.6239994392394692,0.4159996261596461,0.2079998130798231,0],
    [0,0.1839999989271163,0.3679999978542327,0.552000010490417,0.7359999957084653,0.9199999809265136,1.104000020980834,1.28799995136261,1.471999991416931,1.656000031471251,1.839999961853027,2.024000001907348,2.208000041961668,2.392000082015988,2.57599990272522,2.759999942779541,2.943999982833861,3.128000022888182,3.312000062942502,3.495999883651734,3.679999923706054,3.864000183105463,4.048000003814695,4.231999824523927,4.416000083923336,4.599999904632568,4.784000164031976,4.967999984741208,4.752000186920167,4.535999874114987,4.320000076293946,4.103999763488764,3.887999965667722,3.672000167846681,3.455999855041501,3.240000057220459,3.023999744415278,2.807999946594236,2.592000148773195,2.375999835968014,2.160000038146972,1.944000240325931,1.72799941253661,1.511999614715569,1.295999816894527,1.080000019073486,0.8640002212524448,0.6479993934631239,0.4319995956420826,0.2159997978210413,0],
    [0,0.1760000064373017,0.3520000128746034,0.5280000324249272,0.7040000257492067,0.8800000190734862,1.056000064849854,1.232000005722045,1.408000051498413,1.584000097274781,1.760000038146972,1.936000083923341,2.112000129699709,2.288000175476077,2.464000011444091,2.640000057220459,2.816000102996827,2.992000148773195,3.168000194549563,3.344000030517577,3.520000076293945,3.696000331878667,3.872000167846681,4.048000003814695,4.224000259399418,4.400000095367432,4.576000350952153,4.752000186920167,4.928000022888181,4.703999706268315,4.479999923706055,4.255999607086187,4.031999824523927,3.808000041961668,3.583999725341801,3.359999942779542,3.135999626159673,2.911999843597414,2.688000061035154,2.463999744415286,2.239999961853027,2.016000179290767,1.791999328613292,1.567999546051032,1.343999763488773,1.119999980926513,0.8960001983642539,0.6719993476867785,0.447999565124519,0.2239997825622595,0],
    [0,0.1679999948740004,0.3359999897480009,0.5039999971389761,0.6719999794960018,0.8399999618530274,1.007999994277952,1.175999926567079,1.343999958992004,1.511999991416928,1.679999923706055,1.84799995613098,2.015999988555905,2.18400002098083,2.351999853134157,2.519999885559082,2.687999917984007,2.855999950408932,3.023999982833857,3.191999814987184,3.35999984741211,3.528000080108632,3.695999912261959,3.863999744415287,4.031999977111809,4.199999809265137,4.368000041961659,4.535999874114987,4.703999706268315,4.871999938964836,4.64000015258789,4.407999813079823,4.176000026702877,3.944000240325931,3.711999900817864,3.480000114440919,3.24799977493285,3.015999988555905,2.784000202178959,2.551999862670891,2.320000076293945,2.088000289916999,1.85599939727781,1.623999610900864,1.391999824523918,1.160000038146972,0.9280002517700265,0.6959993591308375,0.4639995727538917,0.2319997863769458,0],
    [0,0.1600000023841858,0.3200000047683716,0.4800000190734863,0.6400000095367432,0.8,0.9600000381469727,1.119999980926514,1.280000019073486,1.440000057220459,1.6,1.760000038146973,1.920000076293945,2.080000114440918,2.239999961853028,2.4,2.560000038146973,2.720000076293946,2.880000114440918,3.039999961853027,3.2,3.360000228881836,3.520000076293945,3.679999923706055,3.840000152587891,4,4.160000228881836,4.320000076293946,4.479999923706055,4.64000015258789,4.800000000000001,4.559999656677245,4.319999885559081,4.080000114440917,3.839999771118165,3.600000000000001,3.359999656677246,3.119999885559082,2.880000114440918,2.639999771118164,2.399999999999999,2.160000228881835,1.919999313354492,1.679999542236328,1.439999771118164,1.2,0.9600002288818357,0.7199993133544922,0.4799995422363281,0.2399997711181641,0],
    [0,0.1519999908208845,0.3039999816417691,0.4559999837875353,0.6079999632835381,0.759999942779541,0.9119999675750705,1.063999901771547,1.215999926567076,1.367999951362606,1.519999885559082,1.671999910354611,1.823999935150141,1.97599995994567,2.127999803543093,2.279999828338623,2.431999853134152,2.583999877929682,2.735999902725212,2.887999746322635,3.039999771118164,3.1919999771118,3.343999820709223,3.495999664306646,3.647999870300282,3.799999713897705,3.951999919891341,4.103999763488764,4.255999607086187,4.407999813079823,4.559999656677245,4.711999862670882,4.464000087738031,4.216000312805181,3.967999946594228,3.720000171661377,3.471999805450423,3.224000030517573,2.976000255584722,2.727999889373768,2.480000114440918,2.232000339508067,1.98399938201901,1.73599960708616,1.487999832153309,1.240000057220459,0.9920002822876083,0.7439993247985512,0.4959995498657008,0.2479997749328504,0],
    [0,0.1439999983310699,0.2879999966621398,0.4320000057220454,0.5759999933242795,0.7199999809265136,0.8640000114440909,1.007999956130982,1.151999986648559,1.296000017166136,1.439999961853027,1.583999992370605,1.728000022888182,1.872000053405759,2.015999912261964,2.159999942779541,2.303999973297118,2.448000003814695,2.592000034332273,2.735999893188477,2.879999923706055,3.024000125885004,3.167999984741209,3.311999843597414,3.456000045776364,3.599999904632568,3.744000106811518,3.887999965667722,4.031999824523927,4.176000026702877,4.319999885559081,4.464000087738031,4.607999946594236,4.352000186920168,4.095999816894528,3.840000057220459,3.583999687194819,3.32799992752075,3.072000167846682,2.815999797821041,2.560000038146972,2.304000278472904,2.047999298095692,1.791999538421623,1.535999778747555,1.280000019073486,1.024000259399418,0.7679992790222059,0.5119995193481373,0.2559997596740686,0],
    [0,0.1360000058412552,0.2720000116825105,0.4080000276565556,0.544000023365021,0.6800000190734863,0.8160000553131113,0.9520000104904169,1.088000046730042,1.224000082969667,1.360000038146973,1.496000074386598,1.632000110626223,1.768000146865847,1.904000020980834,2.040000057220459,2.176000093460084,2.312000129699709,2.448000165939334,2.58400004005432,2.720000076293945,2.856000274658208,2.992000148773195,3.128000022888182,3.264000221252445,3.400000095367432,3.536000293731695,3.672000167846681,3.808000041961668,3.944000240325931,4.080000114440917,4.216000312805181,4.352000186920168,4.488000061035154,4.223999687194828,3.959999942779542,3.695999568939214,3.431999824523928,3.168000080108641,2.903999706268313,2.639999961853027,2.37600021743774,2.111999214172374,1.847999469757087,1.5839997253418,1.319999980926513,1.056000236511226,0.7919992332458605,0.5279994888305737,0.2639997444152868,0],
    [0,0.127999994277954,0.255999988555908,0.3839999923706046,0.511999977111816,0.6399999618530274,0.7679999847412092,0.8959999313354503,1.023999954223632,1.151999977111814,1.279999923706055,1.407999946594237,1.535999969482418,1.6639999923706,1.791999862670901,1.919999885559082,2.047999908447264,2.175999931335446,2.303999954223628,2.431999824523928,2.55999984741211,2.688000022888173,2.815999893188473,2.943999763488774,3.071999938964837,3.199999809265137,3.3279999847412,3.455999855041501,3.583999725341801,3.711999900817864,3.839999771118165,3.967999946594228,4.095999816894528,4.223999687194828,4.351999862670891,4.080000114440918,3.807999717712391,3.535999969482418,3.264000221252445,2.991999824523918,2.720000076293945,2.448000328063971,2.175999282836892,1.903999534606919,1.631999786376946,1.360000038146972,1.088000289916999,0.8159992446899196,0.5439994964599464,0.2719997482299732,0],
    [0,0.1200000017881394,0.2400000035762787,0.3600000143051148,0.4800000071525574,0.6000000000000001,0.7200000286102296,0.8399999856948854,0.9600000143051148,1.080000042915344,1.2,1.32000002861023,1.440000057220459,1.560000085830689,1.679999971389771,1.8,1.92000002861023,2.040000057220459,2.160000085830689,2.279999971389771,2.4,2.520000171661377,2.640000057220459,2.759999942779542,2.880000114440918,3,3.120000171661377,3.240000057220459,3.359999942779542,3.480000114440919,3.600000000000001,3.720000171661377,3.840000057220459,3.959999942779542,4.080000114440918,4.200000000000001,3.919999599456787,3.639999866485596,3.360000133514404,3.079999732971191,2.799999999999999,2.520000267028808,2.239999198913574,1.959999465942383,1.679999732971191,1.4,1.120000267028808,0.8399991989135742,0.5599994659423828,0.2799997329711914,0],
    [0,0.1119999902248381,0.2239999804496762,0.3359999790191637,0.4479999608993523,0.559999942779541,0.6719999580383273,0.7839999065399184,0.8959999217987047,1.007999937057491,1.119999885559082,1.231999900817868,1.343999916076655,1.455999931335441,1.567999813079837,1.679999828338623,1.791999843597409,1.903999858856196,2.015999874114982,2.127999755859378,2.239999771118164,2.351999919891341,2.463999801635737,2.575999683380132,2.687999832153309,2.799999713897705,2.911999862670882,3.023999744415278,3.135999626159673,3.24799977493285,3.359999656677246,3.471999805450423,3.583999687194819,3.695999568939214,3.807999717712391,3.919999599456787,4.031999748229964,3.744000011444086,3.456000274658209,3.167999851226795,2.880000114440918,2.59200037765504,2.303999267578092,2.015999530792214,1.727999794006337,1.440000057220459,1.152000320434581,0.8639992103576333,0.5759994735717555,0.2879997367858778,0],
    [0,0.1039999977350234,0.2079999954700469,0.3120000009536739,0.4159999909400938,0.5199999809265137,0.6240000019073477,0.7279999608993535,0.8319999818801875,0.9360000028610216,1.039999961853027,1.143999982833861,1.248000003814695,1.352000024795529,1.455999921798707,1.559999942779541,1.663999963760375,1.767999984741209,1.872000005722043,1.975999902725221,2.079999923706055,2.184000068664545,2.287999965667723,2.3919998626709,2.496000007629391,2.599999904632568,2.704000049591059,2.807999946594236,2.911999843597414,3.015999988555905,3.119999885559082,3.224000030517573,3.32799992752075,3.431999824523928,3.535999969482418,3.639999866485596,3.744000011444086,3.847999908447264,3.552000186920168,3.255999759674068,2.960000038146972,2.664000316619876,2.367999183654774,2.071999462127678,1.775999740600582,1.480000019073486,1.18400029754639,0.8879991645812879,0.5919994430541919,0.295999721527096,0],
    [0,0.0960000052452088,0.1920000104904176,0.288000022888184,0.3840000209808352,0.4800000190734863,0.5760000457763681,0.6720000152587886,0.7680000419616704,0.8640000686645521,0.9600000381469727,1.056000064849854,1.152000091552736,1.248000118255618,1.344000030517577,1.440000057220459,1.536000083923341,1.632000110626223,1.728000137329104,1.824000049591064,1.920000076293945,2.01600021743775,2.112000129699709,2.208000041961668,2.304000183105472,2.400000095367432,2.496000236511236,2.592000148773195,2.688000061035154,2.784000202178959,2.880000114440918,2.976000255584722,3.072000167846682,3.168000080108641,3.264000221252445,3.360000133514404,3.456000274658209,3.552000186920168,3.648000099182127,3.343999668121341,3.039999961853026,2.736000255584712,2.431999099731456,2.127999393463142,1.823999687194827,1.519999980926513,1.216000274658199,0.9119991188049426,0.6079994125366284,0.3039997062683142,0],
    [0,0.08799999368190753,0.1759999873638151,0.2639999876022329,0.3519999747276301,0.4399999618530273,0.5279999752044658,0.6159999361038215,0.7039999494552602,0.7919999628066988,0.8799999237060545,0.9679999370574931,1.055999950408932,1.14399996376037,1.231999872207643,1.319999885559082,1.40799989891052,1.495999912261959,1.583999925613398,1.67199983406067,1.759999847412109,1.847999965667713,1.935999874114986,2.023999782562259,2.111999900817863,2.199999809265136,2.287999927520741,2.375999835968014,2.463999744415286,2.551999862670891,2.639999771118164,2.727999889373768,2.815999797821041,2.903999706268313,2.991999824523918,3.079999732971191,3.167999851226795,3.255999759674068,3.343999668121341,3.431999786376945,3.120000076293945,2.808000366210944,2.495999168395974,2.183999458312973,1.871999748229973,1.560000038146972,1.248000328063972,0.9359991302490016,0.6239994201660011,0.3119997100830005,0],
    [0,0.08000000119209288,0.1600000023841858,0.2400000095367431,0.3200000047683715,0.3999999999999999,0.4800000190734862,0.5599999904632567,0.6400000095367431,0.7200000286102294,0.7999999999999998,0.8800000190734861,0.9600000381469724,1.040000057220459,1.119999980926513,1.2,1.280000019073486,1.360000038146972,1.440000057220459,1.519999980926513,1.6,1.680000114440918,1.760000038146972,1.839999961853027,1.920000076293945,2,2.080000114440918,2.160000038146972,2.239999961853027,2.320000076293945,2.399999999999999,2.480000114440918,2.560000038146972,2.639999961853027,2.720000076293945,2.799999999999999,2.880000114440918,2.960000038146972,3.039999961853026,3.120000076293945,3.199999999999999,2.880000305175781,2.559999084472656,2.239999389648437,1.919999694824218,1.6,1.280000305175781,0.9599990844726562,0.6399993896484375,0.3199996948242188,0],
    [0,0.07200000870227824,0.1440000174045565,0.2160000314712533,0.288000034809113,0.3600000381469726,0.4320000629425066,0.5040000448226918,0.5760000696182259,0.6480000944137599,0.7200000762939451,0.7920001010894792,0.8640001258850132,0.9360001506805472,1.008000089645384,1.080000114440918,1.152000139236452,1.224000164031986,1.29600018882752,1.368000127792356,1.44000015258789,1.512000263214122,1.584000202178958,1.656000141143795,1.728000251770026,1.800000190734863,1.872000301361094,1.944000240325931,2.016000179290767,2.088000289916999,2.160000228881835,2.232000339508067,2.304000278472904,2.37600021743774,2.448000328063971,2.520000267028808,2.59200037765504,2.664000316619876,2.736000255584712,2.808000366210944,2.880000305175781,2.952000244140617,2.623999000549338,2.295999320983901,1.967999641418464,1.639999961853027,1.31200028228759,0.9839990386963109,0.6559993591308739,0.327999679565437,0],
    [0,0.06399997806549038,0.1279999561309808,0.191999938964841,0.2559999122619615,0.319999885559082,0.383999877929682,0.447999832153323,0.511999824523923,0.575999816894523,0.639999771118164,0.703999763488764,0.767999755859364,0.831999748229964,0.8959996643066459,0.959999656677246,1.023999649047846,1.087999641418446,1.151999633789046,1.215999549865728,1.279999542236328,1.343999610900846,1.407999526977528,1.47199944305421,1.535999511718728,1.59999942779541,1.663999496459928,1.72799941253661,1.791999328613292,1.85599939727781,1.919999313354492,1.98399938201901,2.047999298095692,2.111999214172374,2.175999282836892,2.239999198913574,2.303999267578092,2.367999183654774,2.431999099731456,2.495999168395974,2.559999084472656,2.623999000549338,2.687999221801692,2.351999519348101,2.015999816894509,1.680000114440918,1.344000411987326,1.007999107360774,0.6719994049071829,0.3359997024535915,0],
    [0,0.05599998557567573,0.1119999711513515,0.1679999608993512,0.2239999423027029,0.2799999237060546,0.3359999217987024,0.3919998865127581,0.4479998846054059,0.5039998826980535,0.5599998474121093,0.6159998455047571,0.6719998435974047,0.7279998416900525,0.7839997730255162,0.8399997711181639,0.8959997692108117,0.9519997673034594,1.007999765396107,1.063999696731571,1.119999694824219,1.17599975967405,1.231999691009514,1.287999622344978,1.343999687194809,1.399999618530273,1.455999683380105,1.511999614715569,1.567999546051032,1.623999610900864,1.679999542236328,1.73599960708616,1.791999538421623,1.847999469757087,1.903999534606919,1.959999465942383,2.015999530792214,2.071999462127678,2.127999393463142,2.183999458312973,2.239999389648437,2.295999320983901,2.351999519348101,2.407999450683564,2.063999763488755,1.720000076293945,1.376000389099135,1.031999061584429,0.6879993743896193,0.3439996871948097,0],
    [0,0.04799999308586109,0.09599998617172217,0.1439999828338614,0.1919999723434443,0.2399999618530273,0.2879999656677227,0.3359999408721932,0.3839999446868887,0.4319999485015841,0.4799999237060546,0.5279999275207501,0.5759999313354455,0.623999935150141,0.6719998817443864,0.7199998855590819,0.7679998893737774,0.8159998931884728,0.8639998970031683,0.9119998435974137,0.9599998474121092,1.007999908447255,1.0559998550415,1.103999801635746,1.151999862670891,1.199999809265136,1.247999870300282,1.295999816894527,1.343999763488773,1.391999824523918,1.439999771118164,1.487999832153309,1.535999778747555,1.5839997253418,1.631999786376946,1.679999732971191,1.727999794006337,1.775999740600582,1.823999687194827,1.871999748229973,1.919999694824218,1.967999641418464,2.015999816894509,2.063999763488755,2.111999710083,1.760000038146972,1.408000366210944,1.055999015808084,0.7039993438720558,0.3519996719360279,0],
