[
    [
    [-0,-0,-0,-0,-0,-0,-0,-0,-0,-0,-0,-0,-0,-0,-0,-0,-0,-0,-0,-0,-0,-0,-0,-0,-0,-0,-0,-0,-0,-0,-0,-0,-0,-0,-0,-0,-0,-0,-0,-0,-0,-0,-0,-0,-0,-0,-0,-0,-0,-0,-0],
    [-0,-2.425009080899729e-05,-4.726798206635014e-05,-6.88314754064569e-05,-8.897086615922336e-05,-0.0001077164576281337,-0.0001250985547759531,-0.0001411474426450458,-0.0001558934403618889,-0.0001693668379760371,-0.0001815979285711591,-0.0001926170267225612,-0.0002024544247824738,-0.0002111404227606522,-0.0002187053123049792,-0.000225179411431229,-0.0002305930104688898,-0.0002349764094277167,-0.0002383599083174648,-0.0002407738048361843,-0.0002422484047187131,-0.0002428140046697891,-0.0002425009042657253,-0.0002413394058279801,-0.0002393598035870451,-0.0002365924069439806,-0.0002330675027607141,-0.0002288154078068692,-0.0002238664144707947,-0.0002182508084946878,-0.000211998916617401,-0.0002051410090854779,-0.0001977074185615178,-0.0001897284293067798,-0.000181234320381187,-0.0001722554322493437,-0.0001628220221544499,-0.0001529644350400405,-0.0001427129488463049,-0.000132097837756912,-0.0001211494523501782,-0.0001098980676405409,-9.837392797621779e-05,-8.660744328134496e-05,-7.462885913223227e-05,-6.246847543027379e-05,-5.01565920768636e-05,-3.77234494469755e-05,-2.519946613364046e-05,-1.261488301751727e-05,-0],
    [-0,-4.726798206635014e-05,-9.308156466227696e-05,-0.0001362388513341855,-0.0001765479328268983,-0.000214069415751899,-0.0002488639100437478,-0.0002809919857600831,-0.0003105142811899793,-0.0003374913764144858,-0.0003619838575828796,-0.0003840523538818938,-0.0004037574499979291,-0.0004211597459504959,-0.0004363198249992396,-0.0004492983232479493,-0.0004601558213194809,-0.0004689529192333447,-0.000475750217009051,-0.0004806083100065795,-0.0004835878097678472,-0.0004847493097023296,-0.0004841534088542918,-0.000481860711938891,-0.0004779318074893515,-0.000472427314163312,-0.0004654078058291095,-0.0004569339158815094,-0.00044706622916945,-0.0004358653172495667,-0.0004233918334550826,-0.0004097063184235669,-0.0003948694373357365,-0.00037894175878635,-0.0003619838409674948,-0.0003440563646638979,-0.0003252198445064408,-0.0003055349702377117,-0.00028506229781033,-0.0002638623756638746,-0.0002419959048104967,-0.0002195234353513118,-0.0001965054561272368,-0.0001730027866975808,-0.0001490759183594451,-0.0001247854509156178,-0.000100191984168887,-7.535599901368208e-05,-5.033833234710164e-05,-2.51994660749449e-05,-0],
    [-0,-6.88314754064569e-05,-0.0001362388513341855,-0.0002007980329730192,-0.0002613374066903225,-0.0003176953824522114,-0.0003699628751853595,-0.0004182307399107548,-0.0004625899341545694,-0.0005031313279954832,-0.0005399458006145183,-0.0005731242958843341,-0.0006027576907916381,-0.0006289368853679532,-0.0006517527544147036,-0.000671296252270434,-0.0006876582497813836,-0.0007009296469790757,-0.0007112013438950332,-0.000718564233481182,-0.0007231092332332575,-0.0007249272332677304,-0.0007241091318823525,-0.0007207458363327197,-0.0007149282296015273,-0.0007067472393162877,-0.0006962937266429668,-0.0006836586413147677,-0.0006689328607879564,-0.0006522072425803452,-0.0006335727663328235,-0.0006131202433652047,-0.0005909406710896202,-0.0005671249025810661,-0.0005417637753105316,-0.0005149483100961637,-0.0004867692792477429,-0.0004573177170202086,-0.0004266844575253475,-0.0003949603236053858,-0.0003622363664196073,-0.0003286034113025433,-0.0002941521918790262,-0.0002589739367678775,-0.0002231593832782065,-0.0001867994311164531,-0.0001499849799890569,-0.000112806751601119,-7.535600057814555e-05,-3.772345014229265e-05,-0],
    [-0,-8.897086615922336e-05,-0.0001765479328268983,-0.0002613374066903225,-0.0003419454697214096,-0.0004172308354688505,-0.0004870622240222285,-0.0005515607752800977,-0.0006108477661095705,-0.0006650443565282639,-0.0007142717186902503,-0.0007586511112579591,-0.0007983037034597101,-0.000833350695334524,-0.0008639132531127285,-0.0008901126495798283,-0.0009120700456925719,-0.0009299066414899798,-0.0009437436370110728,-0.000953702222686847,-0.0009599036221790627,-0.0009624690223066714,-0.0009615196202913127,-0.0009571766261412284,-0.0009495612175007929,-0.000938794630529431,-0.0009249980141196696,-0.0009082926339051866,-0.0008887996601617848,-0.0008666402365806619,-0.0008419356686724109,-0.000814807038868023,-0.0007853756763730792,-0.0007537627189550235,-0.0007200892835759567,-0.0006844767306494801,-0.0006470460905932094,-0.0006079187417364684,-0.0005672157965624221,-0.0005250583525281549,-0.0004815678105021162,-0.0004368652712644637,-0.0003910717136528836,-0.0003443087744742887,-0.0002966974374787344,-0.0002483589022717969,-0.0001994143684590526,-0.0001499847989852127,-0.000100191865332769,-5.015653246917264e-05,-0],
    [-0,-0.0001077164576281337,-0.000214069415751899,-0.0003176953824522114,-0.0004172308354688505,-0.0005113122912807249,-0.0005988287756211126,-0.0006796792133059949,-0.0007540152006879061,-0.000821988187651159,-0.0008837496392506356,-0.0009394511290830175,-0.0009892441185459955,-0.001033280107686088,-0.001071710554018045,-0.001104687049063294,-0.001132361043744612,-0.001154884038108516,-0.001172407532201524,-0.001185083013789222,-0.001193062012988358,-0.001196496013320364,-0.001195536510497323,-0.001190335017569085,-0.001181043007130668,-0.001167812023295483,-0.001150793503260542,-0.001130139027982074,-0.00110600006084438,-0.001078528032001007,-0.001047874572254325,-0.001014191035724429,-0.0009776290828324252,-0.0009383401363271661,-0.0008964755929508283,-0.0008521871521345414,-0.0008056261029816824,-0.0007569441673180332,-0.0007062927362871002,-0.0006538231822497891,-0.0005996872552057885,-0.0005440363316698458,-0.0004870216362704275,-0.0004287952128466849,-0.0003695082921675456,-0.0003093123737377225,-0.0002483589570619284,-0.0001867992469024113,-0.0001247853304427956,-6.246841497375425e-05,-0],
    [-0,-0.0001250985547759531,-0.0002488639100437478,-0.0003699628751853595,-0.0004870622240222285,-0.0005988287756211126,-0.0007039293609685023,-0.000801283189890292,-0.0008908196783365455,-0.0009727205659769975,-0.001047167610686067,-0.001114342701184323,-0.001174427590957555,-0.00122760408006881,-0.001274053917145684,-0.001313959012815769,-0.001347501107796293,-0.001374862002150302,-0.001396223495940841,-0.001411767374096512,-0.001421675473559288,-0.001426129574562109,-0.001425311470774727,-0.001419402978658834,-0.001408585866130325,-0.001393041984543219,-0.001372953060130453,-0.001348500988457428,-0.001319867526387179,-0.001287234390905832,-0.001250783537394162,-0.0012106965923928,-0.001167155546825004,-0.00112034210879127,-0.001070437955184076,-0.001017625123738714,-0.0009620851629757476,-0.0009040001375040524,-0.0008435517174977037,-0.0007809215505916557,-0.0007162917352034721,-0.0006498439239527176,-0.0005817595879900607,-0.0005122211767511367,-0.0004414101687551682,-0.0003695083634150349,-0.0002966975601436161,-0.0002231592062521174,-0.0001490758031895441,-7.462880130121179e-05,-0],
    [-0,-0.0001411474426450458,-0.0002809919857600831,-0.0004182307399107548,-0.0005515607752800977,-0.0006796792133059949,-0.000801283189890292,-0.0009150697003723012,-0.001019988480717179,-0.001115999060627641,-0.001203313490671224,-0.001282143974891042,-0.001352702558734564,-0.001415201342263304,-0.001469852364982929,-0.001516867857042568,-0.001556459848719123,-0.001588840440074108,-0.001614221731169037,-0.001632815803860746,-0.001644834802331812,-0.001650490803508628,-0.001649995898350387,-0.001643562207146006,-0.001631401793547642,-0.001613726815264973,-0.00159074928841569,-0.001562681422289414,-0.0015297352676433,-0.001492122828711443,-0.001450056384568062,-0.001403747835023168,-0.001353409500617206,-0.001299253375217703,-0.00124149141628284,-0.001180335998967096,-0.001115998932057076,-0.001048692622059774,-0.000978629018595231,-0.0009060200449878484,-0.0008310781471880875,-0.0007540152543357282,-0.0006750430849525021,-0.0005943744923186274,-0.0005122212035524817,-0.0004287953179570508,-0.0003443089348353207,-0.0002589737448963179,-0.0001730026621025219,-8.660738070275395e-05,-0],
    [-0,-0.0001558934403618889,-0.0003105142811899793,-0.0004625899341545694,-0.0006108477661095705,-0.0007540152006879061,-0.0008908196783365455,-0.001019988480717179,-0.001140249162056037,-0.001250581542650866,-0.001350975465576429,-0.00144167345046929,-0.001522917834630235,-0.001594951018137305,-0.001658015331139451,-0.001712353323831094,-0.001758207315814024,-0.001795819707166283,-0.001825432897965912,-0.001847289266763197,-0.001861631265505072,-0.001868701267829438,-0.001868741661244458,-0.001861994870390026,-0.001848703255178304,-0.001829109278681317,-0.001803455247930943,-0.001771983684947714,-0.001734936934906648,-0.001692557289813551,-0.001645087351442786,-0.001592769293903159,-0.001535845766359009,-0.001474559048968634,-0.001409151380279649,-0.001339865471872433,-0.001266943393829041,-0.001190627893561296,-0.00111116120065894,-0.001028785514659555,-0.0009437436280532145,-0.0008562777470236466,-0.0007666298384930466,-0.000675043157581594,-0.0005817596810362226,-0.0004870218080680849,-0.0003910719378883335,-0.0002941520056332137,-0.0001965053357740635,-9.837386749260806e-05,-0],
    [-0,-0.0001693668379760371,-0.0003374913764144858,-0.0005031313279954832,-0.0006650443565282639,-0.000821988187651159,-0.0009727205659769975,-0.001115999060627641,-0.001250581542650866,-0.001375225623930574,-0.001488941439671676,-0.001591749325315621,-0.001683921909872031,-0.001765731893435474,-0.001837451896509219,-0.001899354789910908,-0.001951713182278254,-0.001994799773705828,-0.002028887264288199,-0.002054248328980139,-0.002071155728070863,-0.002079882131909783,-0.002080700223687144,-0.00207388273297174,-0.002059702316513663,-0.002038431741591439,-0.002010343607306977,-0.001975710747255874,-0.001934805801608935,-0.001887901350721602,-0.001835270317912531,-0.001777185152745176,-0.001713918831851916,-0.001645743922259748,-0.001572932944183646,-0.001495758944474036,-0.001414494255664275,-0.001329411964915166,-0.001240784582364077,-0.001148884584339694,-0.001053985108715852,-0.0009563586392981541,-0.0008562773925651115,-0.0007540150231651594,-0.0006498437586296407,-0.0005440362980778744,-0.0004368653406291799,-0.0003286030670028747,-0.0002195232098674486,-0.0001098979544933839,-0],
    [-0,-0.0001815979285711591,-0.0003619838575828796,-0.0005399458006145183,-0.0007142717186902503,-0.0008837496392506356,-0.001047167610686067,-0.001203313490671224,-0.001350975465576429,-0.001488941439671676,-0.001615999340344019,-0.001731189819365725,-0.001834563297648622,-0.001926422775285748,-0.002007071162791553,-0.002076811652238993,-0.00213594714095857,-0.002184780629043318,-0.002223615116586277,-0.002252753574603564,-0.002272499072358777,-0.00228315457689478,-0.00228502306609059,-0.002278407575076006,-0.002263611058071163,-0.002240936585242683,-0.002210687049044793,-0.002173165593329748,-0.002128675153896252,-0.002077518600081497,-0.002019999175430024,-0.001956419606242224,-0.001887083195300107,-0.00181229279713148,-0.001732351214250796,-0.001647561827460114,-0.001558227233026387,-0.00146465085654098,-0.001367135489321005,-0.001265983885118374,-0.001161499525872264,-0.00105398517364227,-0.0009437432957455246,-0.0008310779437399307,-0.0007162915972235434,-0.0005996872552057885,-0.0004815679166960916,-0.0003622360092791487,-0.0002419956712018087,-0.0001211493351056172,-0],
    [-0,-0.0001926170267225612,-0.0003840523538818938,-0.0005731242958843341,-0.0007586511112579591,-0.0009394511290830175,-0.001114342701184323,-0.001282143974891042,-0.00144167345046929,-0.001591749325315621,-0.001731189819365725,-0.001858813399077018,-0.001973690777771414,-0.002075902755480947,-0.002165782532388098,-0.002243663622561618,-0.002309879211681646,-0.002364762599857744,-0.002408647087199478,-0.002441865940441167,-0.002464752538561264,-0.002477640145314144,-0.00248086203220204,-0.00247475154065623,-0.002459641923107356,-0.002435866551183384,-0.00240375861215373,-0.002363651558700556,-0.002315878622990933,-0.002260772964084265,-0.002198668144324233,-0.002129897168211028,-0.002054793663249547,-0.001973690772208873,-0.001886921580643394,-0.001794819801880064,-0.001697718297382292,-0.001595950829745267,-0.001489850472206304,-0.001379750256680998,-0.001265984007747133,-0.001148884766458756,-0.001028785252434466,-0.0009060199112701187,-0.0007809214760933306,-0.0006538232458216938,-0.0005250585193728005,-0.0003949599726595698,-0.0002638621466357005,-0.0001320977227766464,-0],
    [-0,-0.0002024544247824738,-0.0004037574499979291,-0.0006027576907916381,-0.0007983037034597101,-0.0009892441185459955,-0.001174427590957555,-0.001352702558734564,-0.001522917834630235,-0.001683921909872031,-0.001834563297648622,-0.001973690777771414,-0.002100152856909343,-0.002213050634800848,-0.002312495100821585,-0.002398850091830751,-0.002472479081460793,-0.002533745669837806,-0.00258301345708788,-0.002620646005266211,-0.002647007003860757,-0.002662460013337402,-0.002667368597629626,-0.00266209640526483,-0.002647006987678813,-0.00262246401637159,-0.00258883097501706,-0.002546471623537998,-0.002495749491264489,-0.002437028027772797,-0.002370671112616445,-0.002297042030084723,-0.002216504730816121,-0.002129422646615639,-0.002036159146872255,-0.001937078275848518,-0.001832543161793589,-0.001722917902717186,-0.001608565854571477,-0.001489850328230384,-0.001367135489321005,-0.001240784658686484,-0.001111160809836187,-0.0009786287792253275,-0.0008435515551003786,-0.0007062927362871002,-0.0005672159216112506,-0.0004266840369032705,-0.000285062022645112,-0.0001427128107354355,-0],
    [-0,-0.0002111404227606522,-0.0004211597459504959,-0.0006289368853679532,-0.000833350695334524,-0.001033280107686088,-0.00122760408006881,-0.001415201342263304,-0.001594951018137305,-0.001765731893435474,-0.001926422775285748,-0.002075902755480947,-0.002213050634800848,-0.002336745312922886,-0.002446118067749856,-0.002541310559720759,-0.00262271654998691,-0.002690729938690929,-0.002745744625975437,-0.002788154468783056,-0.002818353467978144,-0.002836735480738093,-0.002843694362127291,-0.002839624068636156,-0.002824918451572535,-0.002799971480574708,-0.002765176937454839,-0.002720928887642538,-0.002667621158497789,-0.00260564749098061,-0.002535402080120587,-0.002457278491729887,-0.002371670997846808,-0.002278973320179168,-0.002179579112817415,-0.002073882749225919,-0.00196227762617337,-0.001845158175350238,-0.001722918036290429,-0.001595950799693087,-0.001464650970500841,-0.001329412150212824,-0.001190627567962949,-0.001048692447598224,-0.0009040000342177618,-0.0007569442265554888,-0.0006079189233453305,-0.0004573173020690288,-0.0003055346992692285,-0.0001529642990015771,-0],
    [-0,-0.0002187053123049792,-0.0004363198249992396,-0.0006517527544147036,-0.0008639132531127285,-0.001071710554018045,-0.001274053917145684,-0.001469852364982929,-0.001658015331139451,-0.001837451896509219,-0.002007071162791553,-0.002165782532388098,-0.002312495100821585,-0.002446118067749856,-0.002565560499329766,-0.002669984381153519,-0.002759561262211106,-0.002834715342625553,-0.002895870822519889,-0.002943451853218487,-0.002977882747865096,-0.002999587660312502,-0.003008990735311199,-0.003006516238217619,-0.002992588321114664,-0.002967631249864505,-0.002932069106259714,-0.002886326259322343,-0.002830826835345293,-0.002765994867575353,-0.002692254864603773,-0.002610030675607758,-0.002519746892111013,-0.002421827526627189,-0.002316696518851236,-0.002204778569534928,-0.002086497345808662,-0.001962277611129238,-0.001832543289515332,-0.00169771825239434,-0.001558227342109999,-0.001414494441720461,-0.001266943037826375,-0.001115998737873806,-0.000962085045656695,-0.0008056261597810135,-0.0006470462788527336,-0.0004867688338470948,-0.0003252195535746831,-0.0001628218760903276,-0],
    [-0,-0.000225179411431229,-0.0004492983232479493,-0.000671296252270434,-0.0008901126495798283,-0.001104687049063294,-0.001313959012815769,-0.001516867857042568,-0.001712353323831094,-0.001899354789910908,-0.002076811652238993,-0.002243663622561618,-0.002398850091830751,-0.002541310559720759,-0.002669984381153519,-0.002783811363639502,-0.002881983345111219,-0.002964702325630696,-0.003032422805337487,-0.003085599229468146,-0.003124686224493319,-0.003150138240977301,-0.003162409711875743,-0.003161955212458596,-0.003149229196631311,-0.003124686224493319,-0.003088780679876462,-0.003041967233408622,-0.002984700311363106,-0.002917434240320952,-0.002840623840448472,-0.00275472324634675,-0.002660187367038302,-0.00255747050689009,-0.002447026892249042,-0.002329311549167747,-0.002204778417197135,-0.002073882589573752,-0.001937078275848518,-0.00179481962922455,-0.001647561827460114,-0.001495759036219851,-0.001339865001629961,-0.001180335710726298,-0.001017624928056446,-0.0008521871521345414,-0.0006844768814747244,-0.0005149478026045383,-0.0003440560325932565,-0.0001722552655536976,-0],
    [-0,-0.0002305930104688898,-0.0004601558213194809,-0.0006876582497813836,-0.0009120700456925719,-0.001132361043744612,-0.001347501107796293,-0.001556459848719123,-0.001758207315814024,-0.001951713182278254,-0.00213594714095857,-0.002309879211681646,-0.002472479081460793,-0.00262271654998691,-0.002759561262211106,-0.002881983345111219,-0.002988952427059092,-0.003079690807823153,-0.003154430787481954,-0.003213657104642423,-0.003257854700185716,-0.003287508321387636,-0.003303102687783574,-0.003305122685640609,-0.003294053071770353,-0.003270378698342278,-0.003234584253394718,-0.003187154706994159,-0.003128574786477924,-0.003059329112844918,-0.002979902815669286,-0.002890780317143221,-0.002792446841620819,-0.002685386986405968,-0.002570085265581187,-0.002447027028332653,-0.002316696488799056,-0.002179579067829464,-0.002036159261590651,-0.001886921506145069,-0.001732351312498286,-0.001572933130005048,-0.001409150966484329,-0.001241491184227321,-0.001070437810702476,-0.0008964756443320985,-0.0007200894835384934,-0.0005417632725687342,-0.0003619835124163314,-0.0001812341554193183,-0],
    [-0,-0.0002349764094277167,-0.0004689529192333447,-0.0007009296469790757,-0.0009299066414899798,-0.001154884038108516,-0.001374862002150302,-0.001588840440074108,-0.001795819707166283,-0.001994799773705828,-0.002184780629043318,-0.002364762599857744,-0.002533745669837806,-0.002690729938690929,-0.002834715342625553,-0.002964702325630696,-0.003079690807823153,-0.00317868088891035,-0.003260925168677246,-0.003326686178445682,-0.003376479174663176,-0.003410819201317044,-0.003430221262788634,-0.003435200557498008,-0.003426272146318792,-0.00340395117117879,-0.003368752626634537,-0.003321191779879415,-0.003261783660470618,-0.00319104318498077,-0.003109485790080144,-0.003017626187863744,-0.002915979915705544,-0.002805061865002211,-0.002685386838727707,-0.00255747050689009,-0.002421827360527519,-0.002278973145789875,-0.002129422646615639,-0.001973690583082453,-0.00181229279713148,-0.001645744022963424,-0.001474558532401737,-0.001299253058369542,-0.001120341893567861,-0.0009383401363271661,-0.0007537628849779294,-0.0005671243437984604,-0.0003789413930830934,-0.0001897282457067826,-0],
    [-0,-0.0002383599083174648,-0.000475750217009051,-0.0007112013438950332,-0.0009437436370110728,-0.001172407532201524,-0.001396223495940841,-0.001614221731169037,-0.001825432897965912,-0.002028887264288199,-0.002223615116586277,-0.002408647087199478,-0.00258301345708788,-0.002745744625975437,-0.002895870822519889,-0.003032422805337487,-0.003154430787481954,-0.003260925168677246,-0.003350936348647316,-0.003423747150582281,-0.003479650647646589,-0.003519192180539063,-0.003542917036644869,-0.003551370727765146,-0.003545098620063628,-0.003524646142770263,-0.003490558599415975,-0.003443381551864853,-0.003383660333122059,-0.003311940156562027,-0.00322876676349497,-0.003134685158374895,-0.00303024118913946,-0.002915980042506209,-0.002792446811568639,-0.002660187484700504,-0.002519746832295616,-0.002371670923348483,-0.002216504830797389,-0.002054793559963256,-0.001887083281266658,-0.001713919014982347,-0.001535845299394446,-0.001353409233145626,-0.001167155376625674,-0.0009776291280732259,-0.0007853758857269215,-0.0005909401163524951,-0.0003948690746327276,-0.000197707236435683,-0],
    [-0,-0.0002407738048361843,-0.0004806083100065795,-0.000718564233481182,-0.000953702222686847,-0.001185083013789222,-0.001411767374096512,-0.001632815803860746,-0.001847289266763197,-0.002054248328980139,-0.002252753574603564,-0.002441865940441167,-0.002620646005266211,-0.002788154468783056,-0.002943451853218487,-0.003085599229468146,-0.003213657104642423,-0.003326686178445682,-0.003423747150582281,-0.003503900635656932,-0.003566460025485617,-0.003611748458268035,-0.003640341502406567,-0.003652814984347625,-0.00364974457680926,-0.00363170599368679,-0.003599274850050065,-0.003553026999797101,-0.003493538080645234,-0.003421383604034927,-0.00333713961327954,-0.003241381407756636,-0.003134685143330762,-0.003017626303304554,-0.00289078027215527,-0.002754723353985551,-0.002610030601109433,-0.002457278402729235,-0.002297042122047272,-0.002129897050891975,-0.001956419685526508,-0.001777185333563903,-0.001592768802313536,-0.0014037475509001,-0.001210696409966725,-0.001014191077624097,-0.0008148072519828983,-0.0006131196648608791,-0.0004097059400917275,-0.0002051408191012062,-0],
    [-0,-0.0002422484047187131,-0.0004835878097678472,-0.0007231092332332575,-0.0009599036221790627,-0.001193062012988358,-0.001421675473559288,-0.001644834802331812,-0.001861631265505072,-0.002071155728070863,-0.002272499072358777,-0.002464752538561264,-0.002647007003860757,-0.002818353467978144,-0.002977882747865096,-0.003124686224493319,-0.003257854700185716,-0.003376479174663176,-0.003479650647646589,-0.003566460025485617,-0.003635998515774044,-0.003687609555821979,-0.003721646492948729,-0.003738715469654692,-0.003739422466620937,-0.003724373479699107,-0.003694174438279258,-0.003649431485584298,-0.003590750565452435,-0.003518737488798856,-0.003433998598231041,-0.003337139490831372,-0.003228766627682267,-0.003109485790080144,-0.002979902655294706,-0.002840623840448472,-0.002692254682556948,-0.002535401888321264,-0.002370671112616445,-0.002198667935187114,-0.002019999175430024,-0.001835270429705167,-0.001645086777128406,-0.001450056031852349,-0.001250783297554705,-0.001047874572254325,-0.0008419358539700617,-0.0006335721423529062,-0.0004233914249333566,-0.000211998711476104,-0],
    [-0,-0.0002428140046697891,-0.0004847493097023296,-0.0007249272332677304,-0.0009624690223066714,-0.001196496013320364,-0.001426129574562109,-0.001650490803508628,-0.001868701267829438,-0.002079882131909783,-0.00228315457689478,-0.002477640145314144,-0.002662460013337402,-0.002836735480738093,-0.002999587660312502,-0.003150138240977301,-0.003287508321387636,-0.003410819201317044,-0.003519192180539063,-0.003611748458268035,-0.003687609555821979,-0.003745896711696161,-0.003785983548860071,-0.003808254026368512,-0.003813344434346519,-0.003801891047748522,-0.003774530113210559,-0.003731898060426897,-0.003674631140837565,-0.003603365466313413,-0.003518737675902521,-0.003421383667317847,-0.003311940204006168,-0.003191043366738619,-0.003059329127058283,-0.002917434412254051,-0.002765994846968644,-0.002605647452548501,-0.002437028177022289,-0.002260772889531748,-0.002077518729753729,-0.001887901584276111,-0.00169255680694697,-0.001492122561203735,-0.001287234226684423,-0.001078528101352173,-0.000866640483170123,-0.0006522066425482285,-0.0004358649249707163,-0.0002182506114669273,-0],
    [-0,-0.0002425009042657253,-0.0004841534088542918,-0.0007241091318823525,-0.0009615196202913127,-0.001195536510497323,-0.001425311470774727,-0.001649995898350387,-0.001868741661244458,-0.002080700223687144,-0.00228502306609059,-0.00248086203220204,-0.002667368597629626,-0.002843694362127291,-0.003008990735311199,-0.003162409711875743,-0.003303102687783574,-0.003430221262788634,-0.003542917036644869,-0.003640341502406567,-0.003721646492948729,-0.003785983548860071,-0.003832504071160139,-0.003860612335767317,-0.003870722444520877,-0.00386350094837173,-0.003839614414163729,-0.003799729554956179,-0.003744512931235731,-0.003674630957273702,-0.003590750565452435,-0.003493537957077332,-0.003383660194853169,-0.003261783660470618,-0.003128574621190968,-0.002984700311363106,-0.002830826646218869,-0.002667620958643616,-0.002495749491264489,-0.002315878404065184,-0.002128675153896252,-0.001934805919018293,-0.001734936330973532,-0.001529734896343636,-0.001319867273688856,-0.00110600006084438,-0.0008887998556453906,-0.0006689322022227482,-0.0004470657978738066,-0.0002238661978544957,-0],
    [-0,-0.0002413394058279801,-0.000481860711938891,-0.0007207458363327197,-0.0009571766261412284,-0.001190335017569085,-0.001419402978658834,-0.001643562207146006,-0.001861994870390026,-0.00207388273297174,-0.002278407575076006,-0.00247475154065623,-0.00266209640526483,-0.002839624068636156,-0.003006516238217619,-0.003161955212458596,-0.003305122685640609,-0.003435200557498008,-0.003551370727765146,-0.003652814984347625,-0.003738715469654692,-0.003808254026368512,-0.003860612335767317,-0.003894972486133894,-0.003910768895087485,-0.003908445887222374,-0.003888700352768815,-0.003852229284972563,-0.003799729554956179,-0.003731897880980755,-0.003649431485584298,-0.003553026876843246,-0.003443381413541783,-0.003321191779879415,-0.00318715454042493,-0.003041967233408622,-0.002886326067830034,-0.002720928684934856,-0.002546471623537998,-0.002363651336054409,-0.002173165593329748,-0.001975710866886636,-0.001771983069140028,-0.001562681043458654,-0.001348500730503592,-0.001130139027982074,-0.0009082928336013299,-0.0006836579683917138,-0.0004569334751065276,-0.0002288151864068793,-0],
    [-0,-0.0002393598035870451,-0.0004779318074893515,-0.0007149282296015273,-0.0009495612175007929,-0.001181043007130668,-0.001408585866130325,-0.001631401793547642,-0.001848703255178304,-0.002059702316513663,-0.002263611058071163,-0.002459641923107356,-0.002647006987678813,-0.002824918451572535,-0.002992588321114664,-0.003149229196631311,-0.003294053071770353,-0.003426272146318792,-0.003545098620063628,-0.00364974457680926,-0.003739422466620937,-0.003813344434346519,-0.003870722444520877,-0.003910768895087485,-0.003932696018702933,-0.00393596841102439,-0.003921060788083352,-0.003888700420061134,-0.003839614490450019,-0.003774530023234657,-0.003694174527857858,-0.003599274822562437,-0.003490558558961136,-0.003368752725496078,-0.003234584185777331,-0.003088780778665763,-0.002932069010323926,-0.002765176827107025,-0.002588831065751512,-0.002403758472837347,-0.002210687129954494,-0.002010343803621356,-0.001803454690520903,-0.001590748964235088,-0.001372952850921095,-0.001150793548230442,-0.0009249982538146479,-0.000696293068998827,-0.0004654073754184146,-0.0002330672865349663,-0],
    [-0,-0.0002365924069439806,-0.000472427314163312,-0.0007067472393162877,-0.000938794630529431,-0.001167812023295483,-0.001393041984543219,-0.001613726815264973,-0.001829109278681317,-0.002038431741591439,-0.002240936585242683,-0.002435866551183384,-0.00262246401637159,-0.002799971480574708,-0.002967631249864505,-0.003124686224493319,-0.003270378698342278,-0.00340395117117879,-0.003524646142770263,-0.00363170599368679,-0.003724373479699107,-0.003801891047748522,-0.00386350094837173,-0.003908445887222374,-0.00393596841102439,-0.003945310889511766,-0.003935968366776889,-0.003908445887222374,-0.00386350094837173,-0.003801890881594691,-0.003724373479699107,-0.003631705874489456,-0.00352464600686726,-0.00340395117117879,-0.003270378531736927,-0.003124686224493319,-0.00296763105616885,-0.002799971274688429,-0.00262246401637159,-0.002435866323624861,-0.002240936585242683,-0.002038431864400796,-0.00182910864544553,-0.001613726425164643,-0.001393041718606772,-0.001167812023295483,-0.0009387948367543383,-0.0007067465439985786,-0.0004724268585383263,-0.0002365921780309453,-0],
    [-0,-0.0002330675027607141,-0.0004654078058291095,-0.0006962937266429668,-0.0009249980141196696,-0.001150793503260542,-0.001372953060130453,-0.00159074928841569,-0.001803455247930943,-0.002010343607306977,-0.002210687049044793,-0.00240375861215373,-0.00258883097501706,-0.002765176937454839,-0.002932069106259714,-0.003088780679876462,-0.003234584253394718,-0.003368752626634537,-0.003490558599415975,-0.003599274850050065,-0.003694174438279258,-0.003774530113210559,-0.003839614414163729,-0.003888700352768815,-0.003921060788083352,-0.003935968366776889,-0.003932695958598572,-0.003910768879302866,-0.003870722441342266,-0.003813344285349869,-0.00373942248395872,-0.00364974448621928,-0.00354509851878202,-0.003426272183775637,-0.003294052948094093,-0.003149229241239998,-0.002992588174176861,-0.002824918292859494,-0.002647007035068773,-0.002459641740916049,-0.002263611102860455,-0.002059702482613318,-0.001848702655868592,-0.001631401435468039,-0.001408585629036013,-0.001181043034040364,-0.0009495614479489445,-0.0007149275431513658,-0.0004779313578806626,-0.0002393595776742569,-0],
    [-0,-0.0002288154078068692,-0.0004569339158815094,-0.0006836586413147677,-0.0009082926339051866,-0.001130139027982074,-0.001348500988457428,-0.001562681422289414,-0.001771983684947714,-0.001975710747255874,-0.002173165593329748,-0.002363651558700556,-0.002546471623537998,-0.002720928887642538,-0.002886326259322343,-0.003041967233408622,-0.003187154706994159,-0.003321191779879415,-0.003443381551864853,-0.003553026999797101,-0.003649431485584298,-0.003731898060426897,-0.003799729554956179,-0.003852229284972563,-0.003888700420061134,-0.003908445887222374,-0.003910768879302866,-0.003894972486133894,-0.003860612335767317,-0.003808253880731075,-0.003738715469654692,-0.003652814872518853,-0.003551370597894252,-0.003435200557498008,-0.003305122522611179,-0.003161955212458596,-0.003006516045930658,-0.002839623863183323,-0.00266209640526483,-0.002474751311797372,-0.002278407575076006,-0.002073882857153672,-0.001861994228756243,-0.00164356181119417,-0.001419402708351819,-0.001190335017569085,-0.0009571768361858684,-0.0007207451276504598,-0.0004818602473334692,-0.0002413391723366834,-0],
    [-0,-0.0002238664144707947,-0.00044706622916945,-0.0006689328607879564,-0.0008887996601617848,-0.00110600006084438,-0.001319867526387179,-0.0015297352676433,-0.001734936934906648,-0.001934805801608935,-0.002128675153896252,-0.002315878622990933,-0.002495749491264489,-0.002667621158497789,-0.002830826835345293,-0.002984700311363106,-0.003128574786477924,-0.003261783660470618,-0.003383660333122059,-0.003493538080645234,-0.003590750565452435,-0.003674631140837565,-0.003744512931235731,-0.003799729554956179,-0.003839614490450019,-0.00386350094837173,-0.003870722441342266,-0.003860612335767317,-0.003832504071160139,-0.003785983416370447,-0.003721646492948729,-0.003640341395706887,-0.003542916911234841,-0.003430221262788634,-0.003303102527986917,-0.003162409711875743,-0.0030089905451734,-0.002843694158335995,-0.002667368597629626,-0.00248086180413783,-0.00228502306609059,-0.002080700347832956,-0.001868741019023718,-0.001649995501640023,-0.001425311199727243,-0.001195536510497323,-0.0009615198311622061,-0.0007241084201298612,-0.0004841529421064807,-0.0002425006696592123,-0],
    [-0,-0.0002182508084946878,-0.0004358653172495667,-0.0006522072425803452,-0.0008666402365806619,-0.001078528032001007,-0.001287234390905832,-0.001492122828711443,-0.001692557289813551,-0.001887901350721602,-0.002077518600081497,-0.002260772964084265,-0.002437028027772797,-0.00260564749098061,-0.002765994867575353,-0.002917434240320952,-0.003059329112844918,-0.00319104318498077,-0.003311940156562027,-0.003421383604034927,-0.003518737488798856,-0.003603365466313413,-0.003674630957273702,-0.003731897880980755,-0.003774530023234657,-0.003801890881594691,-0.003813344285349869,-0.003808253880731075,-0.003785983416370447,-0.003745896477058056,-0.003687609453962461,-0.003611748269864032,-0.003519191985398611,-0.00341081913745618,-0.003287508112087982,-0.003150138196188012,-0.002999587436420203,-0.002836735249567539,-0.002662459989208978,-0.002477639899984389,-0.002283154562085421,-0.002079882244244227,-0.001868700619170242,-0.001650490401488571,-0.001426129299523324,-0.001196496010430734,-0.0009624692313670314,-0.0007249265198175812,-0.0004847488418054389,-0.0002428137694808349,-0],
    [-0,-0.000211998916617401,-0.0004233918334550826,-0.0006335727663328235,-0.0008419356686724109,-0.001047874572254325,-0.001250783537394162,-0.001450056384568062,-0.001645087351442786,-0.001835270317912531,-0.002019999175430024,-0.002198668144324233,-0.002370671112616445,-0.002535402080120587,-0.002692254864603773,-0.002840623840448472,-0.002979902815669286,-0.003109485790080144,-0.00322876676349497,-0.00333713961327954,-0.003433998598231041,-0.003518737675902521,-0.003590750565452435,-0.003649431485584298,-0.003694174527857858,-0.003724373479699107,-0.00373942248395872,-0.003738715469654692,-0.003721646492948729,-0.003687609453962461,-0.003635998515774044,-0.003566459932114366,-0.003479650534228535,-0.003376479174663176,-0.003257854549924845,-0.003124686224493319,-0.00297788256509586,-0.00281835327058016,-0.002647007003860757,-0.002464752315156586,-0.002272499072358777,-0.002071155850609317,-0.001861630629786002,-0.001644834408709742,-0.001421675204101101,-0.001193062012988358,-0.000959903832399789,-0.0007231085230158814,-0.000483587343724383,-0.0002422481703763301,-0],
    [-0,-0.0002051410090854779,-0.0004097063184235669,-0.0006131202433652047,-0.000814807038868023,-0.001014191035724429,-0.0012106965923928,-0.001403747835023168,-0.001592769293903159,-0.001777185152745176,-0.001956419606242224,-0.002129897168211028,-0.002297042030084723,-0.002457278491729887,-0.002610030675607758,-0.00275472324634675,-0.002890780317143221,-0.003017626187863744,-0.003134685158374895,-0.003241381407756636,-0.003337139490831372,-0.003421383667317847,-0.003493537957077332,-0.003553026876843246,-0.003599274822562437,-0.003631705874489456,-0.00364974448621928,-0.003652814872518853,-0.003640341395706887,-0.003611748269864032,-0.003566459932114366,-0.003503900465457586,-0.003423746968156192,-0.00332668610967242,-0.003213656899207635,-0.003085599174565124,-0.002943451626942225,-0.002788154232989078,-0.002620645967195295,-0.002441865687598357,-0.002252753545526633,-0.002054248424771424,-0.001847288616785603,-0.001632815395989178,-0.001411767091905883,-0.001185083001508281,-0.0009537024217689381,-0.000718563520970166,-0.0004806078422677175,-0.0002407735696201408,-0],
    [-0,-0.0001977074185615178,-0.0003948694373357365,-0.0005909406710896202,-0.0007853756763730792,-0.0009776290828324252,-0.001167155546825004,-0.001353409500617206,-0.001535845766359009,-0.001713918831851916,-0.001887083195300107,-0.002054793663249547,-0.002216504730816121,-0.002371670997846808,-0.002519746892111013,-0.002660187367038302,-0.002792446841620819,-0.002915979915705544,-0.00303024118913946,-0.003134685143330762,-0.003228766627682267,-0.003311940204006168,-0.003383660194853169,-0.003443381413541783,-0.003490558558961136,-0.00352464600686726,-0.00354509851878202,-0.003551370597894252,-0.003542916911234841,-0.003519191985398611,-0.003479650534228535,-0.003423746968156192,-0.003350936154464048,-0.003260925080561528,-0.003154430571337478,-0.003032422733367592,-0.002895870586725911,-0.00274574438131391,-0.002583013405363466,-0.002408646826897814,-0.00222361507613143,-0.002028887347672137,-0.001825432248954539,-0.001614221320967707,-0.001396223210445199,-0.001172407514231626,-0.0009437438291715978,-0.0007112006355559216,-0.0004757497517782985,-0.0002383596743114545,-0],
    [-0,-0.0001897284293067798,-0.00037894175878635,-0.0005671249025810661,-0.0007537627189550235,-0.0009383401363271661,-0.00112034210879127,-0.001299253375217703,-0.001474559048968634,-0.001645743922259748,-0.00181229279713148,-0.001973690772208873,-0.002129422646615639,-0.002278973320179168,-0.002421827526627189,-0.00255747050689009,-0.002685386986405968,-0.002805061865002211,-0.002915980042506209,-0.003017626303304554,-0.003109485790080144,-0.003191043366738619,-0.003261783660470618,-0.003321191779879415,-0.003368752725496078,-0.00340395117117879,-0.003426272183775637,-0.003435200557498008,-0.003430221262788634,-0.00341081913745618,-0.003376479174663176,-0.00332668610967242,-0.003260925080561528,-0.00317868088891035,-0.003079690680083347,-0.002964702325630696,-0.002834715179126545,-0.002690729759100299,-0.002533745669837806,-0.00236476239165975,-0.002184780629043318,-0.001994799889724551,-0.001795819101743189,-0.00158884006341056,-0.00137486174329345,-0.001154884038108516,-0.0009299068445724136,-0.0007009289596078458,-0.0004689524675996586,-0.0002349761821581577,-0],
    [-0,-0.000181234320381187,-0.0003619838409674948,-0.0005417637753105316,-0.0007200892835759567,-0.0008964755929508283,-0.001070437955184076,-0.00124149141628284,-0.001409151380279649,-0.001572932944183646,-0.001732351214250796,-0.001886921580643394,-0.002036159146872255,-0.002179579112817415,-0.002316696518851236,-0.002447026892249042,-0.002570085265581187,-0.002685386838727707,-0.002792446811568639,-0.00289078027215527,-0.002979902655294706,-0.003059329127058283,-0.003128574621190968,-0.00318715454042493,-0.003234584185777331,-0.003270378531736927,-0.003294052948094093,-0.003305122522611179,-0.003303102527986917,-0.003287508112087982,-0.003257854549924845,-0.003213656899207635,-0.003154430571337478,-0.003079690680083347,-0.002988952191265114,-0.00288198323738212,-0.002759561009368296,-0.002622716289685246,-0.002472479001129014,-0.00230987893877396,-0.002135947076664253,-0.001951713238120379,-0.001758206676627405,-0.001556459438355252,-0.001347500818544129,-0.001132361013854979,-0.0009120702209487441,-0.000687657558220205,-0.0004601553665817095,-0.0002305927816213266,-0],
    [-0,-0.0001722554322493437,-0.0003440563646638979,-0.0005149483100961637,-0.0006844767306494801,-0.0008521871521345414,-0.001017625123738714,-0.001180335998967096,-0.001339865471872433,-0.001495758944474036,-0.001647561827460114,-0.001794819801880064,-0.001937078275848518,-0.002073882749225919,-0.002204778569534928,-0.002329311549167747,-0.002447027028332653,-0.00255747050689009,-0.002660187484700504,-0.002754723353985551,-0.002840623840448472,-0.002917434412254051,-0.002984700311363106,-0.003041967233408622,-0.003088780778665763,-0.003124686224493319,-0.003149229241239998,-0.003161955212458596,-0.003162409711875743,-0.003150138196188012,-0.003124686224493319,-0.003085599174565124,-0.003032422733367592,-0.002964702325630696,-0.00288198323738212,-0.002783811363639502,-0.002669984236401001,-0.002541310397901369,-0.002398850091830751,-0.002243663430401086,-0.002076811652238993,-0.001899354898633308,-0.001712352753354492,-0.001516867500534206,-0.001313958766926144,-0.001104687049063294,-0.0008901128434786486,-0.0006712955948791412,-0.0004492978908077441,-0.0002251791936703671,-0],
    [-0,-0.0001628220221544499,-0.0003252198445064408,-0.0004867692792477429,-0.0006470460905932094,-0.0008056261029816824,-0.0009620851629757476,-0.001115998932057076,-0.001266943393829041,-0.001414494255664275,-0.001558227233026387,-0.001697718297382292,-0.001832543161793589,-0.00196227762617337,-0.002086497345808662,-0.002204778417197135,-0.002316696488799056,-0.002421827360527519,-0.002519746832295616,-0.002610030601109433,-0.002692254682556948,-0.002765994846968644,-0.002830826646218869,-0.002886326067830034,-0.002932069010323926,-0.00296763105616885,-0.002992588174176861,-0.003006516045930658,-0.0030089905451734,-0.002999587436420203,-0.00297788256509586,-0.002943451626942225,-0.002895870586725911,-0.002834715179126545,-0.002759561009368296,-0.002669984236401001,-0.002565560232327758,-0.00244611779484217,-0.002312494990148661,-0.002165782250197468,-0.00200707107321295,-0.001837451921053006,-0.001658014712902673,-0.001469851960813713,-0.001274053628182486,-0.001071710511486269,-0.0008639134072023385,-0.0006517520914789552,-0.0004363193884480985,-0.0002187050924626877,-0],
